16 16 16 16 16 16 16 16 16 16 16 16 16 16 16 16 16 16 16 16 16 16 16 16 16 16 16 16 16 16 16 16 16 16 16 16 16 16 16 16 16 16 16 16 16 16 16 16 16 16 16 16 16 16 16 16 16 16 16 16 16 16 16 16 16 16 16 16 16 16 16 16 16 16 16 16 16 16 16 16 16 16 16 16 16 16 16 16 16 16 16 16 16 16 16 16 16 16 16 16 
16 16 16 16 16 16 16 16 16 16 16 16 16 16 16 16 16 16 16 16 16 16 16 16 16 16 16 16 16 16 16 16 16 16 16 16 16 16 16 16 16 16 16 16 16 16 16 16 16 16 16 16 16 16 16 16 16 16 16 16 16 16 16 16 16 16 16 16 16 16 16 16 16 16 16 16 16 16 16 16 16 16 16 16 16 16 16 16 16 16 16 16 16 16 16 16 16 16 16 16 
16 16 16 16 16 16 16 16 16 16 16 16 16 16 16 16 16 16 16 16 16 16 16 16 16 16 16 16 16 16 16 16 16 16 16 16 16 16 16 16 16 16 16 16 16 16 16 16 16 16 16 16 16 16 16 16 16 16 16 16 16 16 16 16 16 16 16 16 16 16 16 16 16 16 16 16 16 16 16 16 16 16 16 16 16 16 16 16 16 16 16 16 16 16 16 16 16 16 16 16 
16 16 16 16 16 16 16 16 16 16 16 16 16 16 16 16 16 16 16 16 16 16 16 16 16 16 16 16 16 16 16 16 16 16 16 16 16 16 16 16 16 16 16 16 16 16 16 16 16 16 16 16 16 16 16 16 16 16 16 16 16 16 16 16 16 16 16 16 16 16 16 16 16 16 16 16 16 16 16 16 16 16 16 16 16 16 16 16 16 16 16 16 16 16 16 16 16 16 16 16 
16 16 16 16 16 16 16 16 16 16 16 16 16 16 16 16 16 16 16 16 16 16 16 16 16 16 16 16 16 16 16 16 16 16 16 16 16 16 16 16 16 16 16 16 16 16 16 16 16 16 16 16 16 16 16 16 16 16 16 16 16 16 16 16 16 16 16 16 16 16 16 16 16 16 16 16 16 16 16 16 16 16 16 16 16 16 16 16 16 16 16 16 16 16 16 16 16 16 16 16 
16 16 16 16 16 16 16 16 16 16 16 16 16 16 16 16 16 16 16 16 16 16 16 16 16 16 16 16 16 16 16 16 16 16 16 16 16 16 16 16 16 16 16 16 16 16 16 16 16 16 16 16 16 16 16 16 16 16 16 16 16 16 16 16 16 16 16 16 16 16 16 16 16 16 16 16 16 16 16 16 16 16 16 16 16 16 16 16 16 16 16 16 16 16 16 16 16 16 16 16 
16 16 16 16 16 16 16 16 16 16 16 16 16 16 16 16 16 16 16 16 16 16 16 16 16 16 16 16 16 16 16 16 16 16 16 16 16 16 16 16 16 16 16 16 16 16 16 16 16 16 16 16 16 16 16 16 16 16 16 16 16 16 16 16 16 16 16 16 16 16 16 16 16 16 16 16 16 16 16 16 16 16 16 16 16 16 16 16 16 16 16 16 16 16 16 16 16 16 16 16 
16 16 16 16 16 16 16 16 16 16 16 16 16 16 16 16 16 16 16 16 16 16 16 16 16 16 16 16 16 16 16 16 16 16 16 16 16 16 16 16 16 16 16 16 16 16 16 16 16 16 16 16 16 16 16 16 16 16 16 16 16 16 16 16 16 16 16 16 16 16 16 16 16 16 16 16 16 16 16 16 16 16 16 16 16 16 16 16 16 16 16 16 16 16 16 16 16 16 16 16 
16 16 16 16 16 16 16 16 16 16 16 16 16 16 16 16 16 16 16 16 16 16 16 16 16 16 16 16 16 16 16 16 16 16 16 16 16 16 16 16 16 16 16 16 16 16 16 16 16 16 16 16 16 16 16 16 16 16 16 16 16 16 16 16 16 16 16 16 16 16 16 16 16 16 16 16 16 16 16 16 16 16 16 16 16 16 16 16 16 16 16 16 16 16 16 16 16 16 16 16 
16 16 16 16 16 16 16 16 16 16 16 16 16 16 16 16 16 16 16 16 16 16 16 16 16 16 16 16 16 16 16 16 16 16 16 16 16 16 16 16 16 16 16 16 16 16 16 16 16 16 16 16 16 16 16 16 16 16 16 16 16 16 16 16 16 16 16 16 16 16 16 16 16 16 16 16 16 16 16 16 16 16 16 16 16 16 16 16 16 16 16 16 16 16 16 16 16 16 16 16 
16 16 16 16 16 16 16 16 16 16 20 21 21 21 21 21 21 21 21 21 22 16 16 16 16 16 16 16 16 16 16 16 16 16 16 16 16 16 16 16 16 16 16 16 16 16 16 16 16 16 16 16 16 16 16 16 16 16 16 16 16 16 16 16 16 16 16 16 16 16 16 16 16 16 16 16 16 16 16 16 16 16 16 16 16 16 16 16 16 16 16 16 16 16 16 16 16 16 16 16 
16 16 16 16 16 16 16 16 16 16 23 18 18 18 18 18 18 18 18 18 24 16 16 16 16 16 16 16 16 16 16 16 16 16 16 16 16 16 16 16 16 16 16 16 16 16 16 16 16 16 16 16 16 16 16 16 16 16 16 16 16 16 16 16 16 16 16 16 16 16 16 16 16 16 16 16 16 16 16 16 16 16 16 16 16 16 16 16 16 16 16 16 16 16 16 16 16 16 16 16 
16 16 16 16 16 16 16 16 16 16 23 18 18 18 17 16 17 18 18 18 24 16 16 16 16 16 16 16 16 16 16 16 16 16 16 16 16 16 16 16 16 16 16 16 16 16 16 16 16 16 16 16 16 16 16 16 16 16 16 16 16 16 16 16 16 16 16 16 16 16 16 16 16 16 16 16 16 16 16 16 16 16 16 16 16 16 16 16 16 16 16 16 16 16 16 16 16 16 16 16 
16 16 16 16 16 16 16 16 16 16 23 18 18 18 17 17 17 18 18 18 24 2 1 16 16 16 16 16 16 16 16 16 16 16 16 16 16 16 16 16 16 16 16 16 16 16 16 16 16 16 16 16 16 16 16 16 16 16 16 16 16 16 16 16 16 16 16 16 16 16 16 16 16 16 16 16 16 16 16 16 16 16 16 16 16 16 16 16 16 16 16 16 16 16 16 16 16 16 16 16 
16 16 16 16 16 16 16 16 16 16 23 19 18 19 18 17 18 18 18 18 24 1 1 16 16 16 16 16 16 16 16 16 16 16 16 16 16 16 16 16 16 16 16 16 16 16 16 16 16 16 2 2 2 16 16 16 16 16 16 16 16 16 16 16 16 16 16 16 16 16 16 16 16 16 16 16 16 16 16 16 16 16 16 16 16 16 16 16 16 16 16 16 16 16 16 16 16 16 16 16 
16 16 16 16 16 16 16 16 16 16 23 18 19 18 18 17 18 19 19 19 24 1 2 16 16 16 16 16 16 16 16 16 16 16 16 16 16 16 16 16 16 16 16 16 16 16 16 16 16 16 2 1 1 1 2 2 16 16 16 16 16 16 16 16 16 16 16 16 16 16 16 16 16 16 16 16 16 16 16 16 16 16 16 16 16 16 16 16 16 16 16 16 16 16 16 16 16 16 16 16 
16 16 16 16 16 16 16 16 16 16 23 19 18 18 18 17 18 19 18 18 24 1 1 2 16 16 16 16 16 16 16 16 16 16 16 16 16 3 16 16 16 16 16 16 16 16 16 16 16 16 16 1 16 33 16 1 16 16 16 16 16 16 16 16 16 16 16 16 16 16 16 16 16 16 16 16 16 16 16 16 16 16 16 16 16 16 16 16 16 16 16 16 16 16 16 16 16 16 16 16 
16 16 16 16 16 16 16 16 16 16 25 26 26 26 17 17 17 26 26 26 27 1 1 2 16 16 16 16 16 16 16 16 16 16 3 3 3 3 3 3 16 16 16 16 16 16 16 16 16 16 1 1 1 3 1 2 16 16 16 16 16 16 16 16 16 16 16 16 16 16 16 16 16 16 16 16 16 16 16 16 16 16 16 16 16 16 16 16 16 16 16 16 16 16 16 16 16 16 16 16 
16 16 16 16 16 16 16 16 16 16 1 1 2 1 1 1 16 16 1 16 1 16 1 2 1 16 16 16 16 16 16 16 16 16 3 3 3 3 3 3 16 16 16 16 16 16 16 16 16 16 1 16 16 3 1 2 16 16 16 16 16 16 16 16 32 32 32 17 32 32 32 32 32 17 32 16 18 19 18 18 18 16 32 32 32 32 32 32 32 32 16 16 16 16 16 16 16 16 16 16 
16 16 16 16 16 16 16 16 16 16 1 16 2 1 2 1 16 1 16 16 1 1 2 1 1 16 16 16 16 16 16 16 3 3 3 3 17 3 3 17 3 3 16 16 16 16 16 16 16 16 16 16 2 3 1 1 1 16 16 16 16 16 16 16 17 17 34 34 34 34 34 34 34 34 32 16 18 19 18 18 18 16 17 34 34 34 34 34 34 32 16 16 16 16 16 16 16 16 16 16 
16 16 16 16 16 16 16 16 16 16 1 1 1 1 2 1 1 1 2 2 1 1 1 1 16 16 16 16 16 16 16 3 3 17 1 17 3 3 3 3 3 3 16 16 16 16 16 16 16 16 16 16 2 3 1 1 16 16 16 16 16 16 16 16 32 17 34 17 17 17 17 34 34 34 32 16 19 18 18 19 18 16 32 17 17 38 38 34 34 32 16 16 16 16 16 16 16 16 16 16 
16 16 16 16 16 16 16 16 16 16 16 16 16 1 1 1 2 1 1 1 16 2 1 16 16 16 16 16 16 16 16 3 3 17 1 1 1 2 3 3 3 3 1 2 2 12 10 10 10 10 10 10 10 3 10 10 10 10 10 10 10 10 10 10 32 17 34 34 17 34 17 34 34 34 17 16 18 18 19 19 18 16 32 34 34 38 38 17 34 17 16 16 16 16 16 16 16 16 16 16 
16 16 16 16 16 16 16 16 16 16 2 16 2 2 1 2 2 1 1 1 1 1 2 2 2 2 16 16 16 16 3 3 3 2 1 1 1 2 2 2 2 2 17 2 2 8 3 3 3 3 3 3 3 3 3 3 3 3 17 3 17 17 3 17 34 17 17 17 34 34 17 34 34 34 32 16 19 18 19 19 19 16 32 34 34 34 34 34 34 32 16 16 16 16 16 16 16 16 16 16 
16 16 16 16 16 16 16 16 16 16 16 16 2 2 16 1 16 1 1 1 1 2 1 1 1 2 2 16 16 16 16 3 17 2 2 17 1 2 17 2 2 17 2 2 17 8 3 3 3 3 3 3 3 3 3 3 3 3 3 3 17 17 3 3 17 34 17 34 34 17 17 17 34 34 17 16 19 18 19 18 19 16 32 34 17 34 17 34 34 17 16 16 16 16 16 16 16 16 16 16 
16 16 16 16 16 16 16 16 16 16 16 16 16 16 16 16 16 16 16 1 1 33 33 33 1 1 2 2 16 16 16 16 16 1 1 1 1 1 1 2 2 2 2 2 17 8 3 3 3 3 3 3 3 3 3 3 3 3 17 17 3 17 3 17 17 17 17 34 34 34 17 34 34 34 32 16 18 19 19 18 19 16 32 17 34 34 34 34 34 32 16 16 16 16 16 16 16 16 16 16 
16 16 16 16 16 16 16 16 16 16 16 16 16 16 16 16 16 16 16 16 1 3 3 3 2 2 1 1 1 1 1 1 1 3 1 1 1 17 1 1 17 2 2 17 2 14 5 5 5 5 5 5 5 5 5 5 5 5 5 5 5 5 5 5 32 34 17 17 17 34 17 34 17 34 32 16 18 19 18 19 19 16 32 17 34 34 17 34 34 32 16 16 16 16 16 16 16 16 16 16 
16 16 16 16 16 16 16 16 16 16 16 16 16 16 16 16 16 16 16 16 1 1 3 2 1 3 1 2 1 2 3 2 2 2 1 1 1 17 1 1 2 2 2 2 2 2 2 16 16 16 16 16 16 16 16 16 16 16 16 16 16 16 16 16 32 34 17 17 17 34 34 34 34 34 32 16 16 16 16 16 16 16 32 34 34 17 17 17 34 32 16 16 16 16 16 16 16 16 16 16 
16 16 16 16 16 16 16 16 16 16 16 16 16 16 16 16 16 16 16 16 16 16 16 1 3 3 1 3 2 1 1 1 1 1 16 16 1 2 2 2 2 2 2 1 2 17 17 17 17 3 3 3 16 16 16 16 16 16 16 16 16 16 16 16 32 34 34 17 17 34 34 34 17 34 32 32 32 17 32 32 32 32 32 32 34 34 34 17 17 32 16 16 16 16 16 16 16 16 16 16 
16 16 16 16 16 16 16 16 16 16 16 16 16 16 16 16 16 16 16 16 16 16 16 16 16 16 16 16 16 16 16 16 16 16 16 16 16 1 1 1 17 17 1 1 1 1 17 17 3 3 3 17 16 16 16 16 16 16 16 16 16 16 16 16 32 17 34 17 17 34 34 34 17 17 34 17 17 17 17 17 34 17 34 17 34 34 17 17 17 32 16 16 16 16 16 16 16 16 16 16 
16 16 16 16 16 16 16 16 16 16 16 16 16 16 16 16 16 16 16 16 16 16 16 16 16 16 16 16 16 16 16 16 16 16 16 16 16 16 2 1 1 2 1 1 1 17 17 17 3 17 17 16 16 16 16 16 16 16 16 16 16 16 16 16 32 17 34 17 17 17 17 17 17 17 34 17 17 17 17 17 17 34 34 34 34 34 17 17 17 32 16 16 16 16 16 16 16 16 16 16 
16 16 16 16 16 16 16 16 16 16 16 16 16 16 16 16 16 16 16 16 16 16 16 16 16 16 16 16 16 16 16 16 16 16 16 16 16 16 16 16 16 16 1 16 16 16 16 16 17 17 17 16 16 16 16 16 16 16 16 16 16 16 16 16 32 34 34 34 34 34 17 17 17 17 17 34 34 34 34 17 17 34 34 34 17 17 34 17 17 32 16 16 16 16 16 16 16 16 16 16 
16 16 16 16 16 16 16 16 16 16 16 16 16 16 16 16 16 16 16 16 16 16 16 16 16 16 16 16 16 16 16 16 16 16 16 16 16 16 16 16 16 16 16 16 16 16 16 16 17 3 17 16 16 16 16 16 16 16 16 16 16 16 16 16 32 17 17 17 17 34 34 34 17 34 34 34 34 34 17 34 17 17 34 34 34 34 34 34 34 32 16 16 16 16 16 16 16 16 16 16 
16 16 16 16 16 16 16 16 16 16 32 32 32 32 32 32 32 32 32 32 32 32 32 32 32 32 32 32 20 21 21 21 21 21 21 21 21 21 21 22 2 2 2 2 1 1 1 1 3 17 17 1 1 1 1 1 1 1 1 16 16 16 16 16 32 17 17 17 32 16 32 32 32 32 32 32 32 32 32 32 32 17 17 17 32 32 32 32 32 32 16 16 16 16 16 16 16 16 16 16 
16 16 16 16 16 16 16 16 16 16 32 34 34 34 34 34 34 34 34 34 34 34 34 34 34 34 34 32 23 18 18 18 18 18 18 18 18 18 18 24 2 1 2 1 16 16 16 3 17 17 17 3 16 16 16 1 2 2 1 16 16 16 16 16 17 32 17 32 17 17 32 16 16 16 16 16 16 16 16 16 32 17 34 34 32 16 16 16 16 16 16 16 16 16 16 16 16 16 16 16 
16 16 16 16 16 16 16 16 16 16 32 34 34 34 34 34 34 34 34 34 34 34 34 34 34 34 34 32 23 18 18 18 18 18 18 18 18 18 18 24 2 2 1 1 16 16 16 3 17 17 17 3 16 16 16 1 1 1 2 16 16 16 16 16 16 16 16 16 16 16 16 16 16 16 16 16 16 16 16 16 32 34 17 16 32 16 16 16 16 16 16 16 16 16 16 16 16 16 16 16 
16 16 16 16 16 16 16 16 16 16 32 34 34 34 34 34 34 34 34 34 34 34 34 34 34 34 34 32 23 18 18 18 16 16 16 16 18 18 18 24 2 1 2 1 16 16 16 3 17 17 17 3 16 16 16 2 2 1 1 16 16 16 16 16 16 16 16 16 16 16 16 16 16 16 16 16 16 16 16 16 32 34 17 34 32 16 16 16 16 16 16 16 16 16 16 16 16 16 16 16 
16 16 16 16 16 16 16 16 16 16 32 34 34 34 34 34 34 34 34 34 34 34 34 34 34 34 34 32 23 18 18 18 16 16 16 16 18 18 18 24 2 1 1 2 16 16 16 3 17 17 17 3 16 16 16 1 1 2 2 16 16 16 16 16 16 16 16 16 16 16 16 16 16 16 16 16 16 16 16 16 32 17 17 34 32 16 16 16 16 16 16 16 16 16 16 16 16 16 16 16 
16 16 16 16 16 16 16 16 16 16 32 34 34 34 34 34 34 34 34 34 34 34 34 34 34 34 34 32 23 18 18 18 18 18 18 18 18 18 18 24 2 2 1 1 16 16 16 3 17 17 17 3 16 16 16 1 1 2 1 16 16 16 16 16 16 16 16 16 16 16 16 16 16 16 16 16 16 16 16 16 32 17 17 18 32 16 16 16 16 16 16 16 16 16 16 16 16 16 16 16 
16 16 16 16 16 16 16 16 16 16 32 34 34 34 34 34 34 34 34 34 34 34 34 34 34 34 34 32 25 26 26 26 26 26 26 26 26 26 26 27 2 1 2 2 16 16 16 3 17 17 17 3 16 16 16 2 2 1 1 16 16 16 16 16 16 16 16 16 16 16 16 16 20 21 21 21 21 21 21 22 32 18 17 17 32 20 21 22 16 16 16 16 16 16 16 16 16 16 16 16 
16 16 16 16 16 16 16 16 16 16 32 34 34 34 34 34 34 34 34 34 34 34 34 34 34 34 34 32 32 32 32 32 17 17 17 17 17 17 17 17 17 17 17 17 17 17 17 17 17 17 17 17 17 17 17 17 17 17 17 17 17 17 17 17 17 17 17 17 17 17 17 16 23 19 18 18 18 18 18 24 32 17 17 18 32 23 18 24 16 16 16 16 16 16 16 16 16 16 16 16 
16 16 16 16 16 16 16 16 16 16 32 34 34 34 34 34 34 34 34 34 34 34 34 34 34 34 34 17 3 3 3 32 3 3 3 3 3 3 3 3 3 3 3 3 3 3 3 3 3 3 3 3 3 3 3 3 3 3 3 3 3 3 3 3 3 3 3 3 3 3 3 4 23 18 18 19 18 19 19 24 32 17 17 17 32 23 18 24 16 16 16 16 16 16 16 16 16 16 16 16 
16 16 16 16 16 16 16 16 16 16 32 34 34 34 34 34 34 34 34 34 34 34 34 34 34 34 34 17 3 3 3 32 3 16 3 16 3 16 3 16 3 3 3 3 3 3 3 3 3 3 3 3 3 3 3 3 3 3 3 16 3 16 3 16 3 16 3 16 3 16 3 7 23 19 18 19 18 18 19 24 32 18 17 17 32 23 19 24 16 16 16 16 16 16 16 16 16 16 16 16 
16 16 16 16 16 16 16 16 16 16 32 34 34 34 34 34 34 34 34 34 34 34 34 34 34 34 34 32 32 32 3 32 3 3 3 3 3 3 3 3 3 3 3 3 3 3 3 3 3 3 3 3 3 3 3 3 3 3 3 3 3 3 3 3 3 3 3 3 3 3 3 9 23 19 18 18 18 19 18 18 18 17 17 18 18 19 18 24 16 16 16 16 16 16 16 16 16 16 16 16 
16 16 16 16 16 16 16 16 16 16 32 34 34 34 34 34 34 34 34 34 34 34 34 34 34 34 34 32 17 17 17 17 17 17 17 17 17 17 17 17 17 3 17 17 17 17 17 17 17 32 17 17 17 17 17 17 17 3 17 17 17 17 17 17 17 17 17 17 17 17 17 16 23 18 18 18 19 19 18 18 18 18 19 19 18 18 19 24 16 16 16 16 16 16 16 16 16 16 16 16 
16 16 16 16 16 16 16 16 16 16 32 34 34 34 34 34 34 34 34 34 34 34 34 34 34 34 34 32 16 16 16 16 16 16 16 16 16 16 16 16 16 3 16 16 16 16 16 16 32 34 32 16 16 16 16 16 16 3 16 16 16 16 16 16 16 16 16 16 16 16 16 16 23 19 18 18 18 18 18 18 19 19 19 19 18 19 18 24 16 16 16 16 16 16 16 16 16 16 16 16 
16 16 16 16 16 16 16 16 16 16 32 34 34 34 34 34 34 34 34 34 34 34 34 34 34 34 34 32 16 16 16 16 16 16 16 16 16 16 16 16 16 3 16 16 16 16 16 32 34 34 34 32 16 16 16 16 16 3 16 16 16 16 16 16 16 16 16 16 16 16 16 16 23 19 19 19 19 19 19 19 18 18 18 18 18 18 18 24 16 16 16 16 16 16 16 16 16 16 16 16 
16 16 16 16 16 16 16 16 16 16 32 34 34 34 34 34 34 34 34 34 34 34 34 34 34 34 34 32 16 16 16 16 16 16 16 16 16 16 16 16 16 3 16 16 16 16 32 34 34 34 34 34 32 16 16 16 16 3 16 16 16 16 16 16 16 16 16 16 16 16 16 16 25 26 26 26 26 26 26 26 26 26 26 26 26 26 26 27 16 16 16 16 16 16 16 16 16 16 16 16 
16 16 16 16 16 16 16 16 16 16 32 32 32 32 32 3 3 3 3 3 3 32 32 32 32 32 32 32 16 16 16 16 16 16 16 16 16 16 16 16 16 3 16 16 16 32 34 34 34 34 34 34 34 32 16 16 16 3 16 16 16 16 16 16 16 16 16 16 16 16 16 16 16 16 16 16 16 16 16 16 16 16 16 16 16 16 16 16 16 16 16 16 16 16 16 16 16 16 16 16 
16 16 16 16 16 16 16 16 16 16 16 16 16 16 32 3 3 3 3 3 3 32 16 16 16 16 16 16 16 16 16 16 16 16 16 16 16 16 16 16 16 3 16 16 16 32 34 34 34 34 34 34 34 32 16 16 16 3 16 16 16 16 16 16 16 16 16 16 16 16 16 16 16 16 16 16 16 16 16 16 16 16 16 16 16 16 16 16 16 16 16 16 16 16 16 16 16 16 16 16 
16 16 16 16 16 16 16 16 16 16 16 16 16 16 32 3 3 3 3 3 3 32 16 16 16 16 16 16 16 16 16 16 16 16 16 16 16 16 16 16 16 3 16 16 16 32 34 34 34 17 34 34 34 32 16 16 16 3 16 16 16 16 16 16 16 16 16 16 16 16 16 16 16 16 16 16 16 16 16 16 16 16 16 16 16 16 16 16 16 16 16 16 16 16 16 16 16 16 16 16 
16 16 16 16 16 16 16 16 16 16 16 16 16 16 32 3 3 3 3 3 3 32 16 16 16 16 16 16 16 16 16 16 16 16 16 16 16 16 16 16 16 3 16 16 16 32 34 34 34 34 34 34 34 32 16 16 16 3 16 16 16 16 16 16 16 16 16 16 16 16 16 16 16 16 16 16 16 16 16 16 16 16 16 16 16 16 16 16 16 16 16 16 16 16 16 16 16 16 16 16 
16 16 16 16 16 16 16 16 16 16 16 16 16 16 32 3 3 3 3 3 3 32 16 16 16 16 16 16 16 16 16 16 16 16 16 16 16 16 16 16 16 3 16 16 32 34 34 34 34 34 34 34 34 34 32 16 16 3 16 16 16 16 16 16 16 16 16 16 16 16 16 16 16 16 16 16 16 16 16 16 16 16 16 16 16 16 16 16 16 16 16 16 16 16 16 16 16 16 16 16 
16 16 16 16 16 16 16 16 16 16 16 16 16 16 32 3 3 3 3 3 3 32 16 16 16 16 16 16 16 16 16 16 16 16 16 16 16 16 16 16 16 3 16 32 34 34 34 34 34 34 34 34 34 34 34 32 16 3 16 16 16 16 16 16 16 16 16 16 16 16 16 16 16 16 16 16 16 16 16 16 16 16 16 16 16 16 16 16 16 16 16 16 16 16 16 16 16 16 16 16 
16 16 16 16 16 16 16 16 16 16 16 16 16 16 32 3 3 3 3 3 3 32 16 16 16 16 16 16 16 16 16 16 16 16 16 16 16 16 16 16 16 3 32 34 34 34 34 34 34 34 34 34 34 34 34 34 32 3 16 16 16 16 16 16 16 16 16 16 16 16 16 16 16 16 16 16 16 16 16 16 16 16 16 16 16 16 16 16 16 16 16 16 16 16 16 16 16 16 16 16 
16 16 16 16 16 16 16 16 16 16 16 16 16 16 32 35 35 35 35 35 35 32 16 16 16 16 16 16 16 16 16 16 16 16 16 16 16 16 16 16 16 3 32 34 34 34 34 34 34 34 34 34 34 34 34 34 32 3 16 16 16 16 16 16 16 16 16 16 16 16 16 16 16 16 16 16 16 16 16 16 16 16 16 16 16 16 16 16 16 16 16 16 16 16 16 16 16 16 16 16 
16 16 16 16 16 16 16 16 16 16 16 16 16 16 32 32 32 32 32 32 32 32 16 16 16 16 16 16 16 16 16 16 16 16 16 16 16 16 16 16 16 3 32 34 34 34 34 34 34 34 34 34 34 34 34 34 32 3 16 16 16 16 16 16 16 16 16 16 16 16 16 16 16 16 16 16 16 16 16 16 16 16 16 16 16 16 16 16 16 16 16 16 16 16 16 16 16 16 16 16 
16 16 16 16 16 16 16 16 16 16 16 16 16 16 16 16 16 16 16 16 16 16 16 16 16 16 16 16 16 16 16 16 16 16 16 16 16 16 16 16 16 3 32 32 32 34 34 34 34 34 34 34 34 34 32 32 32 3 16 16 16 16 16 16 16 16 16 16 16 16 16 16 16 16 16 16 16 16 16 16 16 16 16 16 16 16 16 16 16 16 16 16 16 16 16 16 16 16 16 16 
16 16 16 16 16 16 16 16 16 16 16 16 16 16 16 16 16 16 16 16 16 16 16 16 16 16 16 16 16 16 16 16 16 16 16 16 16 16 16 16 16 3 16 16 16 32 34 34 34 34 34 34 34 32 16 16 16 3 16 16 16 16 16 16 16 16 16 16 16 16 16 16 16 16 16 16 16 16 16 16 16 16 16 16 16 16 16 16 16 16 16 16 16 16 16 16 16 16 16 16 
16 16 16 16 16 16 16 16 16 16 16 16 16 16 16 16 16 16 16 16 16 16 16 16 16 16 16 17 16 16 16 16 16 16 16 16 16 16 16 16 16 3 16 16 16 16 32 32 34 34 34 32 32 16 16 16 16 3 16 16 16 16 16 16 16 16 16 16 16 16 16 16 16 16 16 16 16 16 16 16 16 16 16 16 16 16 16 16 16 16 16 16 16 16 16 16 16 16 16 16 
16 16 16 16 16 16 16 16 16 16 16 16 16 16 16 16 16 16 16 16 16 16 16 16 16 16 16 16 16 16 16 16 16 16 16 16 16 16 16 16 16 3 16 16 16 16 16 16 32 34 32 16 16 16 16 16 16 3 16 16 16 16 16 16 16 16 16 16 16 16 16 16 16 16 16 16 16 16 16 16 16 16 16 16 16 16 16 16 16 16 16 16 16 16 16 16 16 16 16 16 
16 16 16 16 16 16 16 16 16 16 16 16 16 16 16 16 16 16 17 17 16 16 16 16 16 16 16 16 16 16 16 16 16 16 16 16 16 16 16 16 16 3 3 3 3 3 3 3 3 3 3 3 3 3 3 3 3 3 16 16 16 16 16 16 16 16 16 16 16 16 16 16 16 16 16 16 16 16 16 16 16 16 16 16 16 16 16 16 16 16 16 16 16 16 16 16 16 16 16 16 
16 16 16 16 16 16 16 16 16 16 16 16 16 16 16 16 16 16 17 16 17 17 17 16 16 16 16 16 16 16 16 17 16 16 16 16 16 16 16 16 3 3 3 3 3 16 5 5 5 5 5 5 5 16 3 3 3 3 3 16 16 16 16 16 16 16 16 16 16 16 16 16 16 20 21 21 21 21 21 21 21 21 21 21 21 21 21 21 21 22 16 16 16 16 16 16 16 16 16 16 
16 16 16 16 16 16 16 16 16 16 16 16 16 16 16 16 16 16 16 16 17 17 17 16 16 16 16 16 16 16 16 17 16 16 16 16 16 16 16 3 3 3 3 3 3 7 18 18 18 18 18 18 18 8 3 3 3 3 3 3 17 17 17 17 17 17 17 17 17 17 17 17 17 23 18 18 18 18 18 18 18 18 18 18 18 18 18 18 18 24 16 16 16 16 16 16 16 16 16 16 
16 16 16 16 16 16 16 16 16 16 16 16 16 16 16 16 16 17 1 1 1 1 17 1 1 17 17 16 16 16 16 17 16 16 16 16 16 16 3 3 3 3 3 3 3 7 18 18 18 18 18 18 18 8 3 3 3 3 3 3 3 3 3 3 3 3 3 3 3 3 3 3 3 23 18 18 18 18 18 19 19 18 18 19 18 18 18 18 18 24 16 16 16 16 16 16 16 16 16 16 
16 16 16 16 16 16 16 16 16 16 16 16 16 16 16 16 1 1 1 1 17 2 1 17 2 17 2 16 16 16 16 16 16 16 16 16 16 3 3 3 3 3 3 3 3 7 18 18 18 18 18 18 18 8 3 3 3 3 3 3 3 3 17 17 17 17 17 17 17 17 17 17 17 23 18 18 18 19 18 18 18 18 18 18 18 19 18 18 18 24 16 16 16 16 16 16 16 16 16 16 
16 16 16 16 16 16 16 16 16 16 16 16 16 16 16 16 17 2 2 17 1 17 2 2 2 17 17 16 16 17 16 16 16 16 16 16 3 3 3 3 3 3 3 3 3 16 10 10 10 10 10 10 10 16 3 3 3 3 3 3 3 3 3 20 21 21 21 21 21 21 21 21 21 31 18 18 18 18 18 18 18 18 18 19 19 18 18 18 18 24 16 16 16 16 16 16 16 16 16 16 
16 16 16 16 16 16 16 16 16 16 16 16 16 16 16 16 1 17 2 17 17 1 17 1 1 2 17 16 16 16 16 16 16 16 16 16 2 1 1 2 1 2 2 2 1 2 1 2 2 2 1 2 1 1 2 1 2 2 1 1 2 1 1 23 18 18 18 18 18 18 19 18 18 19 19 18 18 18 19 18 18 18 18 18 19 18 18 18 18 24 16 16 16 16 16 16 16 16 16 16 
16 16 16 16 16 16 16 16 16 16 16 16 16 16 16 16 1 2 1 2 2 17 17 2 17 17 2 16 16 16 16 16 16 16 16 16 16 16 16 16 16 16 16 16 16 17 17 17 17 2 2 2 2 17 16 16 16 16 16 16 16 16 16 23 18 18 18 18 18 18 18 18 18 18 18 19 19 18 18 18 19 19 18 18 19 18 19 18 18 24 16 16 16 16 16 16 16 16 16 16 
16 16 16 16 16 16 16 16 16 16 16 16 16 16 16 16 2 1 2 2 2 17 17 2 2 17 1 17 17 17 17 17 17 17 17 17 17 17 17 17 17 17 17 17 17 17 17 2 2 17 1 17 2 17 17 17 17 17 17 17 17 17 17 23 18 19 18 18 19 18 18 18 18 18 18 19 19 19 19 19 19 18 18 18 19 19 18 18 18 24 16 16 16 16 16 16 16 16 16 16 
16 16 16 16 16 16 16 16 16 16 16 16 16 16 16 16 2 17 1 17 2 2 1 1 17 2 17 2 17 17 17 17 17 17 16 16 16 16 16 16 16 16 16 16 16 17 17 2 17 2 17 1 2 17 16 16 16 16 16 16 16 16 16 23 18 18 19 18 19 18 19 18 18 18 19 19 19 19 19 19 19 18 18 18 18 18 19 18 18 24 16 16 16 16 16 16 16 16 16 16 
16 16 16 16 16 16 16 16 16 16 16 16 16 16 16 16 2 1 1 17 2 17 2 17 2 2 2 17 2 17 17 17 17 17 17 17 17 17 17 17 17 17 17 17 17 2 2 17 2 2 17 1 2 2 17 17 17 17 17 17 17 17 17 23 18 18 19 19 19 18 19 19 19 19 19 19 19 19 18 18 19 19 18 18 18 18 18 18 18 24 16 16 16 16 16 16 16 16 16 16 
16 16 16 16 16 16 16 16 16 16 16 16 16 16 16 16 2 1 1 1 2 2 2 17 2 2 17 2 17 17 17 17 17 17 16 16 16 16 16 16 16 16 16 16 16 17 2 2 2 17 1 1 17 2 16 16 16 16 16 16 16 16 16 23 18 18 19 18 18 19 19 19 19 19 19 18 18 18 18 19 19 19 19 19 18 18 18 18 18 24 16 16 16 16 16 16 16 16 16 16 
16 16 16 16 16 16 16 16 16 16 16 16 16 16 16 17 17 17 1 17 2 2 2 2 2 17 2 2 17 17 17 17 17 17 17 17 17 17 17 17 17 17 17 17 17 2 2 2 1 1 17 1 2 2 17 17 17 17 17 17 17 17 17 23 18 18 19 18 18 19 18 18 18 19 19 19 18 19 19 19 19 19 18 18 19 19 19 19 19 24 16 16 16 16 16 16 16 16 16 16 
16 16 16 16 16 16 16 16 16 16 16 16 16 16 16 16 2 1 17 1 1 17 17 2 2 17 2 16 16 16 16 16 16 16 16 16 16 16 16 16 16 16 16 16 2 17 2 1 17 2 2 2 1 2 16 16 16 16 16 16 16 16 16 23 18 18 18 18 19 18 18 18 18 18 18 18 18 18 18 19 19 19 18 18 19 19 19 19 19 24 16 16 16 16 16 16 16 16 16 16 
16 16 16 16 16 16 16 16 16 16 16 16 16 16 16 16 1 2 1 1 1 2 1 17 17 1 2 16 16 16 16 16 16 16 16 16 17 17 17 17 17 17 17 17 17 2 17 17 1 17 17 1 17 17 17 17 17 17 17 17 17 17 17 25 26 26 26 26 26 26 26 26 26 26 26 26 26 26 26 26 26 26 26 26 26 26 26 26 26 27 16 16 16 16 16 16 16 16 16 16 
16 16 16 16 16 16 16 16 16 16 16 16 16 16 16 16 1 2 2 2 17 17 17 1 1 17 2 16 16 16 16 16 16 16 16 16 2 16 16 16 16 16 16 16 20 21 21 22 3 3 3 3 20 21 22 16 16 16 16 16 16 16 16 16 16 16 16 16 16 16 16 16 16 16 16 16 16 16 16 16 16 16 16 16 16 16 16 16 16 1 16 16 16 16 16 16 16 16 16 16 
16 16 16 16 16 16 16 16 16 16 17 1 1 17 17 1 1 17 1 17 1 1 17 17 1 1 2 16 16 16 16 16 16 16 16 16 17 16 16 16 16 16 16 16 23 18 18 30 3 17 3 3 31 18 24 16 16 16 16 16 16 16 16 16 16 16 16 16 16 16 16 16 16 16 16 16 16 16 16 16 16 16 16 16 16 16 16 16 16 1 16 16 16 16 16 16 16 16 16 16 
16 16 16 16 16 16 16 16 16 16 1 16 16 16 16 16 16 16 16 16 16 16 16 16 16 16 16 16 16 16 16 16 16 16 16 16 2 16 16 16 16 16 16 16 23 18 18 18 3 3 17 3 18 18 24 16 16 16 16 16 16 16 16 16 16 16 16 16 16 16 16 16 16 16 16 16 16 16 16 16 16 16 16 16 16 16 16 16 16 1 16 16 16 16 16 16 16 16 16 16 
16 16 16 16 16 16 16 16 16 16 1 16 16 16 16 16 16 16 16 16 16 16 16 16 16 16 16 16 16 16 16 16 16 16 16 16 17 16 16 16 16 16 16 16 23 18 18 18 3 17 17 3 18 18 24 16 16 16 16 16 16 16 16 16 16 16 16 16 16 16 16 16 16 16 16 16 16 16 16 16 16 16 16 16 16 16 16 16 16 1 16 16 16 16 16 16 16 16 16 16 
16 16 16 16 16 16 16 16 16 16 17 16 16 16 16 16 2 16 16 16 16 16 16 16 16 16 16 16 16 17 17 2 17 2 17 2 17 16 16 16 16 16 16 16 23 18 18 18 3 17 17 3 18 18 24 16 16 16 16 16 16 16 16 16 16 16 16 16 16 16 16 16 16 16 16 16 16 16 16 16 16 16 16 16 16 16 16 16 16 1 16 16 16 16 16 16 16 16 16 16 
16 16 16 16 16 16 16 16 16 16 1 16 2 16 16 16 16 16 16 16 16 16 16 16 16 16 16 16 16 2 16 16 16 16 16 16 16 16 16 16 16 16 16 16 23 18 18 18 3 17 17 3 18 18 24 16 16 16 16 16 16 16 16 16 16 16 16 16 16 32 32 32 32 32 32 32 32 32 32 32 32 32 32 32 32 32 32 32 32 32 16 16 16 16 16 16 16 16 16 16 
16 16 16 16 16 16 16 16 16 16 1 16 16 1 16 16 16 16 16 16 16 16 16 16 16 16 16 16 16 1 16 2 2 2 17 2 17 16 16 16 16 16 16 16 23 18 19 18 3 3 17 3 18 19 24 16 16 16 16 16 16 16 16 16 16 16 16 16 16 32 34 34 34 34 34 34 34 34 34 34 34 34 34 34 34 34 34 34 34 32 16 16 16 16 16 16 16 16 16 16 
16 16 16 16 16 16 16 16 16 16 17 1 1 16 2 16 16 16 1 16 16 16 16 16 16 16 16 16 16 2 16 17 17 2 2 17 17 16 16 16 16 16 16 16 23 18 18 18 3 17 3 3 18 19 30 21 21 21 21 21 21 21 21 21 21 21 21 21 22 32 34 34 34 34 34 34 35 35 35 35 35 35 35 34 34 34 34 34 34 32 16 16 16 16 16 16 16 16 16 16 
16 16 16 16 16 16 16 16 16 16 1 1 1 16 16 16 16 16 16 16 2 16 16 16 16 16 16 16 16 1 16 16 16 16 17 2 2 16 16 16 16 16 16 16 23 19 18 18 3 17 17 3 18 18 18 18 18 18 18 18 19 18 18 18 18 19 18 18 24 32 34 34 34 34 34 34 34 34 34 34 34 34 34 34 34 34 34 34 34 32 16 16 16 16 16 16 16 16 16 16 
16 16 16 16 16 16 16 16 16 16 32 34 32 32 32 32 32 16 16 16 16 16 16 16 16 16 16 16 16 2 17 17 2 2 2 17 2 16 16 16 16 16 16 16 23 18 18 18 3 17 3 3 3 17 3 3 17 3 3 3 3 3 3 3 3 3 17 3 3 32 34 34 34 34 34 34 35 35 35 35 35 35 35 34 34 34 34 34 34 32 16 16 16 16 16 16 16 16 16 16 
16 16 16 16 16 16 16 16 16 16 32 34 34 34 34 34 32 16 16 16 16 16 16 16 16 16 16 16 16 16 16 16 16 16 16 16 16 16 16 16 16 16 16 16 23 19 18 18 3 17 17 3 3 3 3 3 3 17 17 3 17 3 3 3 3 17 3 3 3 34 34 34 34 34 34 34 34 34 34 34 34 34 34 34 34 34 34 34 34 32 16 16 16 16 16 16 16 16 16 16 
16 16 16 16 16 16 16 16 16 16 32 34 34 34 34 34 32 16 16 16 16 16 16 16 16 16 16 16 16 16 16 16 16 16 16 16 16 16 16 16 16 16 16 16 23 18 18 18 3 17 3 3 3 3 17 3 17 3 3 3 3 3 17 17 3 3 3 3 3 32 34 34 34 34 34 34 35 35 35 35 35 35 35 34 34 34 34 34 34 32 16 16 16 16 16 16 16 16 16 16 
16 16 16 16 16 16 16 16 16 16 32 34 34 34 35 34 32 16 16 16 16 16 16 16 16 16 16 16 16 16 16 16 16 16 16 16 16 16 16 16 16 16 16 16 23 18 18 18 19 19 19 19 18 18 18 18 18 18 18 18 18 18 18 18 19 18 18 18 24 32 34 34 34 34 34 34 34 34 34 34 34 34 34 34 34 34 34 34 34 32 16 16 16 16 16 16 16 16 16 16 
16 16 16 16 16 16 16 16 16 16 32 34 34 34 34 34 32 16 16 16 2 16 16 16 16 16 16 16 16 16 16 16 16 16 16 16 16 16 16 16 16 16 16 16 23 18 18 18 18 18 18 18 18 18 19 18 19 18 18 18 18 18 18 18 18 19 19 18 24 32 34 34 34 34 34 34 35 35 35 35 35 35 35 34 34 34 34 34 34 32 16 16 16 16 16 16 16 16 16 16 
16 16 16 16 16 16 16 16 16 16 32 32 32 32 32 32 32 16 16 16 16 16 16 16 16 16 16 16 16 16 16 16 16 16 16 16 16 16 16 16 16 16 16 16 25 26 26 26 26 26 26 26 26 26 26 26 26 26 26 26 26 26 26 26 26 26 26 26 27 32 32 32 32 32 32 32 32 32 32 32 32 32 32 32 32 32 32 32 32 32 16 16 16 16 16 16 16 16 16 16 
16 16 16 16 16 16 16 16 16 16 16 16 16 16 16 16 16 16 16 16 16 16 16 16 16 16 16 16 16 16 16 16 16 16 16 16 16 16 16 16 16 16 16 16 16 16 16 16 16 16 16 16 16 16 16 16 16 16 16 16 16 16 16 16 16 16 16 16 16 16 16 16 16 16 16 16 16 16 16 16 16 16 16 16 16 16 16 16 16 16 16 16 16 16 16 16 16 16 16 16 
16 16 16 16 16 16 16 16 16 16 16 16 16 16 16 16 16 16 16 16 16 16 16 16 16 16 16 16 16 16 16 16 16 16 16 16 16 16 16 16 16 16 16 16 16 16 16 16 16 16 16 16 16 16 16 16 16 16 16 16 16 16 16 16 16 16 16 16 16 16 16 16 16 16 16 16 16 16 16 16 16 16 16 16 16 16 16 16 16 16 16 16 16 16 16 16 16 16 16 16 
16 16 16 16 16 16 16 16 16 16 16 16 16 16 16 16 16 16 16 16 16 16 16 16 16 16 16 16 16 16 16 16 16 16 16 16 16 16 16 16 16 16 16 16 16 16 16 16 16 16 16 16 16 16 16 16 16 16 16 16 16 16 16 16 16 16 16 16 16 16 16 16 16 16 16 16 16 16 16 16 16 16 16 16 16 16 16 16 16 16 16 16 16 16 16 16 16 16 16 16 
16 16 16 16 16 16 16 16 16 16 16 16 16 16 16 16 16 16 16 16 16 16 16 16 16 16 16 16 16 16 16 16 16 16 16 16 16 16 16 16 16 16 16 16 16 16 16 16 16 16 16 16 16 16 16 16 16 16 16 16 16 16 16 16 16 16 16 16 16 16 16 16 16 16 16 16 16 16 16 16 16 16 16 16 16 16 16 16 16 16 16 16 16 16 16 16 16 16 16 16 
16 16 16 16 16 16 16 16 16 16 16 16 16 16 16 16 16 16 16 16 16 16 16 16 16 16 16 16 16 16 16 16 16 16 16 16 16 16 16 16 16 16 16 16 16 16 16 16 16 16 16 16 16 16 16 16 16 16 16 16 16 16 16 16 16 16 16 16 16 16 16 16 16 16 16 16 16 16 16 16 16 16 16 16 16 16 16 16 16 16 16 16 16 16 16 16 16 16 16 16 
16 16 16 16 16 16 16 16 16 16 16 16 16 16 16 16 16 16 16 16 16 16 16 16 16 16 16 16 16 16 16 16 16 16 16 16 16 16 16 16 16 16 16 16 16 16 16 16 16 16 16 16 16 16 16 16 16 16 16 16 16 16 16 16 16 16 16 16 16 16 16 16 16 16 16 16 16 16 16 16 16 16 16 16 16 16 16 16 16 16 16 16 16 16 16 16 16 16 16 16 
16 16 16 16 16 16 16 16 16 16 16 16 16 16 16 16 16 16 16 16 16 16 16 16 16 16 16 16 16 16 16 16 16 16 16 16 16 16 16 16 16 16 16 16 16 16 16 16 16 16 16 16 16 16 16 16 16 16 16 16 16 16 16 16 16 16 16 16 16 16 16 16 16 16 16 16 16 16 16 16 16 16 16 16 16 16 16 16 16 16 16 16 16 16 16 16 16 16 16 16 
16 16 16 16 16 16 16 16 16 16 16 16 16 16 16 16 16 16 16 16 16 16 16 16 16 16 16 16 16 16 16 16 16 16 16 16 16 16 16 16 16 16 16 16 16 16 16 16 16 16 16 16 16 16 16 16 16 16 16 16 16 16 16 16 16 16 16 16 16 16 16 16 16 16 16 16 16 16 16 16 16 16 16 16 16 16 16 16 16 16 16 16 16 16 16 16 16 16 16 16 
16 16 16 16 16 16 16 16 16 16 16 16 16 16 16 16 16 16 16 16 16 16 16 16 16 16 16 16 16 16 16 16 16 16 16 16 16 16 16 16 16 16 16 16 16 16 16 16 16 16 16 16 16 16 16 16 16 16 16 16 16 16 16 16 16 16 16 16 16 16 16 16 16 16 16 16 16 16 16 16 16 16 16 16 16 16 16 16 16 16 16 16 16 16 16 16 16 16 16 16 
16 16 16 16 16 16 16 16 16 16 16 16 16 16 16 16 16 16 16 16 16 16 16 16 16 16 16 16 16 16 16 16 16 16 16 16 16 16 16 16 16 16 16 16 16 16 16 16 16 16 16 16 16 16 16 16 16 16 16 16 16 16 16 16 16 16 16 16 16 16 16 16 16 16 16 16 16 16 16 16 16 16 16 16 16 16 16 16 16 16 16 16 16 16 16 16 16 16 16 16 
