14 14 14 14 14 14 14 14 14 14 14 14 14 14 14 14 14 14 14 14 14 14 14 14 14 14 14 14 14 14 14 14 14 14 14 14 14 14 14 14 14 14 14 14 14 14 14 14 14 14 14 14 14 14 14 14 14 14 14 14 14 14 14 14 14 14 14 14 14 14 14 14 14 14 14 14 14 14 14 14 14 14 14 14 14 14 14 14 14 14 14 14 14 14 14 14 14 14 14 14 
14 14 14 14 14 14 14 14 14 14 14 14 14 14 14 14 14 14 14 14 14 14 14 14 14 14 14 14 14 14 14 14 14 14 14 14 14 14 14 14 14 14 14 14 14 14 14 14 14 14 14 14 14 14 14 14 14 14 14 14 14 14 14 14 14 14 14 14 14 14 14 14 14 14 14 14 14 14 14 14 14 14 14 14 14 14 14 14 14 14 14 14 14 14 14 14 14 14 14 14 
14 14 14 14 14 14 14 14 14 14 14 14 14 14 14 14 14 14 14 14 14 14 14 14 14 14 14 14 14 14 14 14 14 14 14 14 14 14 14 14 14 14 14 14 14 14 14 14 14 14 14 14 14 14 14 14 14 14 14 14 14 14 14 14 14 14 14 14 14 14 14 14 14 14 14 14 14 14 14 14 14 14 14 14 14 14 14 14 14 14 14 14 14 14 14 14 14 14 14 14 
14 14 14 14 14 14 14 14 14 14 14 14 14 14 14 14 14 14 14 14 14 14 14 14 14 14 14 14 14 14 14 14 14 14 14 14 14 14 14 14 14 14 14 14 14 14 14 14 14 14 14 14 14 14 14 14 14 14 14 14 14 14 14 14 14 14 14 14 14 14 14 14 14 14 14 14 14 14 14 14 14 14 14 14 14 14 14 14 14 14 14 14 14 14 14 14 14 14 14 14 
14 14 14 14 14 14 14 14 14 14 14 14 14 14 14 14 14 14 14 14 14 14 14 14 14 14 14 14 14 14 14 14 14 14 14 14 14 14 14 14 14 14 14 14 14 14 14 14 14 14 14 14 14 14 14 14 14 14 14 14 14 14 14 14 14 14 14 14 14 14 14 14 14 14 14 14 14 14 14 14 14 14 14 14 14 14 14 14 14 14 14 14 14 14 14 14 14 14 14 14 
14 14 14 14 14 14 14 14 14 14 14 14 14 14 14 14 14 14 14 14 14 14 14 14 14 14 14 14 14 14 14 14 14 14 14 14 14 14 14 14 14 14 14 14 14 14 14 14 14 14 14 14 14 14 14 14 14 14 14 14 14 14 14 14 14 14 14 14 14 14 14 14 14 14 14 14 14 14 14 14 14 14 14 14 14 14 14 14 14 14 14 14 14 14 14 14 14 14 14 14 
14 14 14 14 14 14 14 14 14 14 14 14 14 14 14 14 14 14 14 14 14 14 14 14 14 14 14 14 14 14 14 14 14 14 14 14 14 14 14 14 14 14 14 14 14 14 14 14 14 14 14 14 14 14 14 14 14 14 14 14 14 14 14 14 14 14 14 14 14 14 14 14 14 14 14 14 14 14 14 14 14 14 14 14 14 14 14 14 14 14 14 14 14 14 14 14 14 14 14 14 
14 14 14 14 14 14 14 14 14 14 14 14 14 14 14 14 14 14 14 14 14 14 14 14 14 14 14 14 14 14 14 14 14 14 14 14 14 14 14 14 14 14 14 14 14 14 14 14 14 14 14 14 14 14 14 14 14 14 14 14 14 14 14 14 14 14 14 14 14 14 14 14 14 14 14 14 14 14 14 14 14 14 14 14 14 14 14 14 14 14 14 14 14 14 14 14 14 14 14 14 
14 14 14 14 14 14 14 14 14 14 14 14 14 14 14 14 14 14 14 14 14 14 14 14 14 14 14 14 14 14 14 14 14 14 14 14 14 14 14 14 14 14 14 14 14 14 14 14 14 14 14 14 14 14 14 14 14 14 14 14 14 14 14 14 14 14 14 14 14 14 14 14 14 14 14 14 14 14 14 14 14 14 14 14 14 14 14 14 14 14 14 14 14 14 14 14 14 14 14 14 
14 14 14 14 14 14 14 14 14 14 14 14 14 14 14 14 14 14 14 14 14 14 14 14 14 14 14 14 14 14 14 14 14 14 14 14 14 14 14 14 14 14 14 14 14 14 14 14 14 14 14 14 14 14 14 14 14 14 14 14 14 14 14 14 14 14 14 14 14 14 14 14 14 14 14 14 14 14 14 14 14 14 14 14 14 14 14 14 14 14 14 14 14 14 14 14 14 14 14 14 
14 14 14 14 14 14 14 14 14 14 13 13 13 13 13 13 13 13 13 13 13 13 13 13 13 13 13 13 13 13 17 13 17 13 13 17 17 13 13 17 17 13 13 13 6 6 17 2 2 2 2 2 2 2 2 2 2 2 2 2 2 2 2 2 2 2 2 2 17 13 12 12 4 13 4 13 12 13 4 4 13 12 13 12 12 12 4 4 12 13 14 14 14 14 14 14 14 14 14 14 
14 14 14 14 14 14 14 14 14 14 13 13 12 13 13 13 13 17 13 17 17 13 13 12 12 13 4 4 17 13 17 17 13 13 13 13 17 17 17 13 13 13 13 17 5 6 17 2 1 1 1 1 1 1 1 1 1 1 1 1 1 1 1 1 1 1 1 2 17 15 13 13 17 17 12 14 17 17 12 12 12 12 12 12 13 12 12 12 13 4 14 14 14 14 14 14 14 14 14 14 
14 14 14 14 14 14 14 14 14 14 13 13 13 12 17 24 24 24 13 17 4 17 13 4 12 13 4 4 13 13 17 13 13 24 5 5 17 5 5 13 13 13 17 5 17 6 17 2 1 7 7 7 7 7 7 7 7 7 7 7 7 7 7 7 7 7 1 2 15 17 4 17 14 12 4 12 16 14 4 12 12 13 14 14 4 12 13 12 12 12 14 14 14 14 14 14 14 14 14 14 
14 14 14 14 14 14 14 14 14 14 13 4 4 15 13 13 4 17 15 4 17 15 15 13 12 13 15 4 13 15 15 15 15 15 5 12 15 4 17 13 13 5 5 13 17 17 17 2 1 7 7 7 7 7 7 7 7 7 7 7 7 7 7 7 7 7 1 2 17 14 12 12 12 12 12 12 14 13 13 12 16 4 14 4 14 4 13 13 12 12 14 14 14 14 14 14 14 14 14 14 
14 14 14 14 14 14 14 14 14 14 13 13 4 15 15 13 12 4 13 4 12 17 4 4 15 15 4 13 13 13 13 15 17 4 15 4 13 13 4 13 17 17 24 17 13 13 17 2 1 7 7 7 7 7 7 7 7 7 7 7 7 7 7 7 7 7 1 2 15 14 14 4 4 12 12 13 12 13 4 12 12 16 16 12 4 12 4 12 13 4 14 14 14 14 14 14 14 14 14 14 
14 14 14 14 14 14 14 14 14 14 13 12 12 12 12 4 13 4 24 17 4 24 12 4 4 13 12 13 4 13 13 24 4 13 15 13 13 17 4 13 13 17 15 5 17 13 17 2 1 7 7 7 7 7 7 7 7 7 7 7 7 7 7 7 7 7 1 2 17 15 13 17 17 4 13 13 4 13 12 13 4 16 4 12 12 13 4 17 12 13 14 14 14 14 14 14 14 14 14 14 
14 14 14 14 14 14 14 14 14 14 13 13 13 13 4 4 24 12 4 4 4 12 4 4 13 13 12 4 4 4 4 4 24 24 4 15 15 15 4 13 17 12 5 5 17 13 17 2 1 7 7 7 7 7 7 7 7 7 7 7 7 7 7 7 7 7 1 2 14 15 4 13 17 13 4 12 4 13 12 15 17 13 4 12 4 12 12 17 12 4 14 14 14 14 14 14 14 14 14 14 
14 14 14 14 14 14 14 14 14 14 13 12 13 13 4 24 13 17 13 13 4 13 4 17 13 4 4 4 13 13 17 17 13 4 15 15 12 12 13 13 15 13 13 13 17 13 17 2 1 7 7 7 7 7 7 7 7 7 7 7 7 7 7 7 7 7 1 2 14 15 4 13 17 17 14 14 12 17 12 4 12 13 4 13 12 12 4 12 12 12 14 14 14 14 14 14 14 14 14 14 
14 14 14 14 14 14 14 14 14 14 13 13 17 4 13 15 13 17 12 4 13 4 4 13 15 4 4 4 13 4 5 5 13 15 15 13 13 13 13 13 17 13 12 12 13 13 13 2 1 7 7 7 7 7 7 7 7 7 7 7 7 7 7 7 7 7 1 2 14 14 15 4 13 4 17 4 4 4 4 12 12 12 17 16 16 17 12 4 17 12 14 14 14 14 14 14 14 14 14 14 
14 14 14 14 14 14 14 14 14 14 13 12 13 4 17 24 13 24 12 15 13 12 4 24 15 17 17 17 4 13 4 13 4 15 5 13 13 4 13 13 13 12 17 13 17 13 17 2 1 1 1 1 1 1 1 1 1 20 1 1 1 1 1 1 1 1 1 2 12 14 14 13 13 4 17 17 4 17 12 12 12 4 17 17 16 12 12 12 17 12 14 14 14 14 14 14 14 14 14 14 
14 14 14 14 14 14 14 14 14 14 13 12 13 4 24 13 17 17 17 17 17 12 12 24 15 13 17 4 17 17 4 13 4 24 5 15 24 24 4 4 24 15 12 12 13 17 13 2 2 2 2 2 2 2 2 2 2 20 2 2 2 2 2 2 2 2 2 2 4 4 14 13 13 12 13 13 4 4 12 17 17 4 13 16 12 4 17 4 12 12 14 14 14 14 14 14 14 14 14 14 
14 14 14 14 14 14 14 14 14 14 13 12 13 4 4 4 13 13 13 4 13 13 24 4 17 13 17 24 4 13 13 17 4 4 13 13 15 17 17 17 15 15 13 17 13 17 13 12 13 12 12 13 13 13 12 13 16 20 16 13 4 4 4 4 4 4 4 4 4 4 4 12 4 15 13 6 13 13 12 13 17 17 17 4 4 4 4 17 17 12 14 14 14 14 14 14 14 14 14 14 
14 14 14 14 14 14 14 14 14 14 13 17 24 17 12 15 13 24 24 24 13 13 13 12 13 13 4 17 13 13 17 17 15 17 15 13 17 17 15 13 13 15 17 24 17 13 13 13 17 17 13 13 12 12 13 16 13 20 13 16 17 17 17 17 4 17 4 4 4 4 4 4 4 6 4 13 4 13 17 17 17 4 17 17 4 17 16 13 17 12 14 14 14 14 14 14 14 14 14 14 
14 14 14 14 14 14 14 14 14 14 13 12 12 17 17 13 13 13 17 17 15 15 17 17 13 17 17 4 4 4 24 24 13 17 13 17 13 17 17 17 24 17 13 17 13 13 13 13 13 13 13 13 12 12 13 13 16 20 16 13 4 17 5 4 17 4 13 4 4 4 6 17 4 12 4 15 15 4 17 4 17 17 17 4 17 16 17 17 13 13 14 14 14 14 14 14 14 14 14 14 
14 14 14 14 14 14 14 14 14 14 13 13 13 13 13 13 13 13 13 13 13 13 13 13 13 13 17 17 4 13 13 13 13 13 13 17 17 4 4 13 24 17 17 17 17 13 13 13 12 12 12 12 12 12 12 12 12 20 12 12 4 12 5 17 4 4 13 17 4 13 12 12 4 12 12 4 15 13 17 12 17 12 4 17 17 4 13 12 13 17 14 14 14 14 14 14 14 14 14 15 
14 14 14 14 14 14 14 14 14 14 17 17 12 17 17 28 18 18 18 18 18 18 28 21 21 21 21 21 21 21 21 21 18 18 18 18 18 18 18 18 18 18 18 18 18 18 18 18 18 18 18 18 18 18 18 18 18 19 4 4 4 12 17 17 4 17 4 17 13 4 6 6 4 4 4 15 12 4 4 12 4 4 4 17 17 17 4 4 4 17 14 14 14 14 14 14 14 14 14 14 
14 14 14 14 14 14 14 14 14 14 4 17 17 13 17 3 14 14 14 17 14 14 3 13 13 12 13 12 13 12 4 4 12 13 13 13 12 12 12 12 13 13 13 12 13 13 12 12 4 4 4 13 13 13 4 4 13 13 4 12 17 17 17 5 4 13 4 17 12 16 16 13 13 4 13 13 12 12 12 15 15 16 4 12 12 4 4 17 4 13 14 14 14 14 14 14 14 14 14 14 
14 14 14 14 14 14 14 14 14 14 4 17 13 13 17 15 16 16 16 16 16 16 3 12 12 13 13 13 13 17 17 12 12 13 24 24 4 4 24 13 13 16 12 12 13 12 13 12 4 13 4 13 4 14 15 14 15 4 12 4 4 4 17 17 4 17 5 17 4 7 12 12 12 12 12 12 17 12 12 15 4 13 16 5 4 4 4 12 4 4 14 14 14 14 14 14 14 14 14 14 
14 14 14 14 14 14 14 14 14 14 17 17 4 13 17 3 14 14 14 14 14 14 3 24 24 13 4 13 13 7 17 12 12 4 13 4 4 4 4 13 4 13 12 12 13 12 13 13 4 4 15 15 12 14 4 13 13 15 12 4 4 13 4 13 12 14 4 7 13 5 4 12 13 12 16 12 17 13 16 16 13 12 16 5 12 12 4 4 4 17 14 14 14 14 14 14 14 14 14 14 
14 14 14 14 14 14 14 14 14 14 4 17 4 17 17 3 16 16 16 16 16 16 15 4 4 13 12 4 12 4 13 13 13 4 12 13 4 13 13 13 4 13 12 12 13 12 13 13 12 4 13 13 15 15 4 4 4 4 4 4 13 13 4 4 4 4 13 4 13 12 16 17 5 5 4 6 17 15 17 13 13 12 16 5 4 4 4 13 17 17 14 14 14 14 14 14 14 14 14 14 
14 14 14 14 14 14 14 14 14 14 17 17 4 17 17 3 14 14 14 14 14 14 3 4 13 4 12 4 4 13 13 17 12 17 13 4 12 4 4 4 4 13 13 16 12 12 6 6 13 13 12 13 4 12 13 15 13 13 13 13 12 13 12 4 4 4 13 12 13 13 13 4 6 13 5 15 13 13 4 17 17 17 5 4 13 4 12 13 17 13 14 14 14 14 14 14 14 14 14 14 
14 14 14 14 14 14 14 14 14 14 17 17 13 13 17 3 16 16 16 16 16 16 3 13 7 7 4 7 17 7 13 4 13 13 13 13 13 4 7 4 4 4 13 13 13 16 16 4 14 13 13 12 13 14 14 15 17 4 4 13 13 12 4 4 13 7 12 13 4 6 4 4 4 16 13 12 6 15 17 5 12 13 4 17 12 17 12 12 12 13 14 14 14 14 14 14 14 14 14 14 
14 14 14 14 14 14 14 14 14 14 17 17 4 13 17 3 16 16 16 16 16 16 3 12 12 4 13 17 4 12 13 4 13 12 24 24 13 4 24 4 12 12 4 13 13 14 12 14 15 4 16 15 16 13 15 15 17 12 4 13 4 13 4 13 14 13 6 4 4 4 12 17 17 17 4 13 4 13 17 13 4 4 4 4 17 13 13 13 4 12 14 14 14 14 14 14 14 14 14 14 
14 14 14 14 14 14 14 14 14 14 12 12 17 17 13 3 16 16 16 16 16 16 15 13 24 24 17 4 17 12 13 7 13 13 13 12 13 4 4 4 12 12 4 13 6 14 12 12 12 4 15 15 13 16 13 13 13 17 12 4 4 13 12 12 13 12 17 6 12 4 4 4 4 4 13 4 5 13 4 4 4 4 4 17 13 12 12 13 13 12 14 14 14 14 14 14 14 14 14 14 
14 14 14 14 14 14 14 14 14 14 17 12 13 17 17 15 14 14 14 14 14 14 13 13 24 17 7 17 13 13 7 7 17 13 17 12 13 13 12 4 4 4 6 4 12 14 6 12 12 12 4 13 16 16 16 13 4 17 17 13 13 13 4 4 12 4 13 4 4 6 12 4 13 4 13 13 13 13 13 13 13 4 4 4 17 4 13 13 13 12 14 14 14 14 14 14 14 14 14 14 
14 14 14 14 14 14 14 14 14 14 17 17 13 4 13 3 16 16 16 16 16 16 3 13 13 13 13 7 4 17 7 12 17 13 13 13 17 4 12 12 4 4 17 13 17 13 13 6 12 4 13 12 16 13 4 13 17 4 17 13 13 4 16 16 13 4 6 6 6 6 6 4 17 4 4 13 12 13 17 13 4 4 4 13 17 13 4 17 13 12 14 14 14 14 14 14 14 14 14 14 
14 14 14 14 14 14 14 14 14 14 17 4 17 12 4 3 1 1 1 1 1 1 3 4 13 13 13 13 17 12 4 4 24 13 13 13 24 24 12 17 4 12 6 13 17 13 17 13 12 13 13 13 13 13 12 13 17 17 13 4 16 17 17 6 13 13 4 4 4 6 13 4 4 4 13 16 12 13 17 17 17 17 17 17 4 13 13 17 13 13 14 14 14 14 14 14 14 14 14 14 
14 14 14 14 14 14 14 14 14 14 17 17 13 13 12 3 1 12 31 31 7 1 3 4 4 13 13 4 7 7 13 17 17 4 13 13 13 4 24 17 12 4 4 13 13 14 17 17 4 12 16 16 13 17 13 13 13 16 16 12 14 14 4 6 17 13 4 13 17 4 4 4 12 4 16 4 17 13 13 13 16 17 17 4 17 17 12 12 4 13 14 14 14 14 14 14 14 14 14 14 
14 14 14 14 14 14 14 14 14 14 17 4 12 17 17 3 1 7 31 31 12 1 3 12 13 13 13 13 13 7 7 13 12 13 13 4 13 4 4 12 12 4 13 17 13 15 13 13 14 14 14 13 16 17 13 6 13 15 13 6 13 13 4 4 13 4 13 12 4 17 13 4 13 4 12 13 4 4 4 17 13 17 4 17 17 17 4 13 13 13 14 14 14 14 14 14 14 14 14 14 
14 14 14 14 14 14 14 14 14 14 17 13 12 17 17 3 1 7 7 7 7 1 3 4 12 13 12 12 12 7 17 12 13 7 13 13 13 12 13 12 4 12 13 6 13 17 13 17 12 15 15 12 12 13 6 6 17 15 12 6 13 13 4 12 13 13 13 12 13 17 4 4 13 6 4 4 4 4 4 4 4 4 13 4 17 4 4 17 4 12 14 14 14 14 14 14 14 14 14 14 
14 14 14 14 14 14 14 14 14 14 17 17 13 13 12 3 1 7 15 15 12 1 3 13 13 13 12 7 7 13 12 12 13 4 4 13 4 13 13 12 4 12 12 6 13 4 4 13 17 17 15 17 12 13 13 13 17 17 17 13 13 4 12 4 4 13 16 7 7 4 17 17 12 12 12 17 7 13 4 4 16 17 12 17 17 4 13 12 4 12 14 14 14 14 14 14 14 14 14 14 
14 14 14 14 14 14 14 14 14 14 13 13 17 4 12 3 1 7 12 7 7 1 3 17 17 13 13 4 12 13 7 13 4 13 4 4 7 12 4 4 4 4 12 6 17 17 13 17 17 13 15 12 13 4 17 13 13 6 12 12 13 4 13 13 13 4 13 13 4 4 13 17 12 6 17 7 13 7 13 13 13 17 13 4 4 4 4 4 4 13 14 14 14 14 14 14 14 14 14 14 
14 14 14 14 14 14 14 14 14 14 17 15 12 4 17 3 1 7 15 15 15 1 3 17 17 13 12 13 12 12 4 4 12 12 13 13 13 12 12 12 4 4 4 4 6 13 17 6 13 13 6 13 13 4 4 4 6 6 12 12 12 12 12 12 4 4 4 4 4 4 4 4 4 4 4 6 6 4 4 13 17 17 17 17 17 17 4 4 17 12 14 14 14 14 14 14 14 14 14 14 
14 14 14 14 14 14 14 14 14 14 17 12 17 4 17 3 1 15 15 15 15 1 3 17 13 13 17 4 13 13 17 13 13 17 17 17 17 17 17 17 17 17 13 4 4 13 13 13 17 13 13 17 13 13 13 13 13 13 12 12 12 12 12 12 12 12 12 13 13 4 12 12 13 12 12 12 12 13 13 12 12 12 12 12 12 12 12 12 13 12 14 14 14 14 14 14 14 14 14 14 
14 14 14 14 14 14 14 14 14 14 17 17 12 17 13 3 1 15 15 15 15 1 3 17 4 12 12 4 13 17 4 17 17 17 17 17 17 17 17 17 17 17 13 17 1 17 17 17 13 17 13 17 17 17 1 17 17 17 12 12 13 13 17 13 4 4 4 24 4 17 4 4 7 12 7 13 12 12 12 4 12 4 13 4 4 13 4 4 12 12 14 14 14 14 14 14 14 14 14 14 
14 14 14 14 14 14 14 14 14 14 17 13 4 4 17 15 7 24 15 24 24 7 7 13 4 4 13 13 13 4 17 17 17 17 17 17 17 17 17 17 17 17 17 1 7 1 17 17 13 13 13 17 17 1 7 1 17 13 12 12 12 12 12 17 15 4 17 24 24 12 17 4 17 17 17 13 17 17 12 15 13 12 15 13 15 4 13 4 4 12 14 14 14 14 14 14 14 14 14 14 
14 14 14 14 14 14 14 14 14 14 17 17 4 4 17 3 24 15 24 24 15 24 3 13 4 12 13 4 13 17 17 17 17 17 17 13 17 17 17 13 13 17 17 1 7 7 1 1 1 1 1 1 1 7 7 1 17 13 12 4 17 17 13 17 4 12 13 4 4 17 12 12 12 17 17 4 4 17 13 13 13 4 4 13 7 13 13 12 4 12 14 14 14 14 14 14 14 14 14 14 
14 14 14 14 14 14 14 14 14 14 17 15 4 17 17 3 15 7 15 24 15 24 3 13 4 4 13 4 13 17 17 13 13 13 13 17 17 17 17 17 17 17 17 1 7 7 7 7 7 7 7 7 7 7 7 1 17 13 13 4 12 12 12 13 12 13 13 12 12 13 17 13 17 4 24 15 7 17 7 13 4 13 4 4 12 7 13 4 4 12 14 14 14 14 14 14 14 14 14 14 
14 14 14 14 14 14 14 14 14 14 17 15 15 4 17 3 15 7 15 24 15 15 3 4 13 13 4 17 13 4 17 17 17 17 17 17 17 17 17 17 17 17 17 1 7 7 7 7 7 7 7 7 7 7 7 1 17 17 13 17 12 13 13 12 4 4 17 17 4 4 12 4 4 17 7 15 4 12 4 7 24 4 13 24 24 4 12 12 12 12 14 14 14 14 14 14 14 14 14 14 
14 14 14 14 14 14 14 14 14 14 17 17 13 4 17 3 15 7 15 15 15 15 3 4 4 13 13 4 4 4 17 17 25 25 25 25 25 25 25 12 17 17 17 1 7 7 7 7 7 15 7 7 7 7 7 1 17 17 17 13 17 17 17 17 12 17 17 12 4 12 17 12 15 7 7 4 4 24 12 24 4 13 13 13 13 4 4 12 12 12 14 14 14 14 14 14 14 14 14 14 
14 14 14 14 14 14 14 14 14 14 17 17 4 4 17 7 7 15 15 15 7 24 3 4 4 13 13 4 4 17 17 17 25 7 7 6 6 24 25 12 17 17 17 1 7 7 7 7 7 7 7 7 7 7 7 1 17 17 13 13 17 4 4 13 4 4 15 15 24 12 12 13 12 7 4 4 4 12 12 12 7 13 12 12 12 7 7 4 12 12 14 14 14 14 14 14 14 14 14 14 
14 14 14 14 14 14 14 14 14 14 17 17 13 4 17 3 15 7 7 7 15 24 3 4 4 13 12 4 4 4 4 17 25 7 6 24 25 6 25 12 17 17 17 1 7 7 7 7 7 7 7 7 7 7 7 1 17 17 13 13 12 12 4 12 12 13 13 12 24 4 13 12 4 12 24 17 17 4 12 12 7 4 12 12 12 12 12 4 12 12 14 14 14 14 14 14 14 14 14 14 
14 14 14 14 14 14 14 14 14 14 17 15 4 4 17 3 7 24 24 7 24 24 7 13 4 4 13 13 4 4 13 17 25 6 6 24 25 25 25 13 17 17 17 1 7 7 7 7 7 7 7 7 7 7 7 1 17 17 13 13 13 12 4 17 17 4 12 12 12 12 12 4 15 12 12 12 17 17 17 8 9 9 9 9 9 9 9 9 9 10 14 14 14 14 14 14 14 14 14 14 
14 14 14 14 14 14 14 14 14 14 17 15 4 17 4 7 7 15 24 24 15 15 3 13 4 4 13 4 4 4 13 17 25 25 6 25 7 7 25 13 4 17 17 1 7 7 1 1 1 7 1 1 1 7 7 1 17 17 4 4 13 4 4 4 4 4 4 4 17 4 17 4 15 13 24 4 12 17 17 11 7 6 7 6 6 7 7 5 5 26 14 14 14 14 14 14 14 14 14 14 
14 14 14 14 14 14 14 14 14 14 17 17 15 17 4 3 15 15 15 15 7 15 3 13 4 4 4 13 13 13 4 17 25 25 7 7 25 24 25 12 4 13 17 1 7 1 7 7 7 7 7 7 7 1 7 1 17 17 4 12 13 4 4 13 13 13 4 13 13 17 17 4 4 15 12 4 12 4 17 11 7 24 15 15 15 5 15 15 7 26 14 14 14 14 14 14 14 14 14 14 
14 14 14 14 14 14 14 14 14 14 17 17 15 4 17 4 18 18 18 18 18 18 19 18 18 18 18 18 18 18 18 18 25 24 7 7 6 25 25 12 13 12 13 17 1 7 7 7 7 7 7 7 7 7 1 17 17 17 13 13 4 13 13 13 13 13 13 4 17 4 4 13 12 17 17 4 13 4 17 11 7 24 6 15 15 15 5 7 7 26 14 14 14 14 14 14 14 14 14 14 
14 14 14 14 14 14 14 14 14 14 17 17 17 4 17 13 13 4 13 17 17 4 4 4 4 4 17 17 17 17 4 17 25 24 25 25 24 25 25 12 13 4 13 12 17 1 1 1 1 7 1 1 1 1 17 17 17 17 13 12 12 12 12 13 17 17 4 13 4 4 4 4 4 13 13 17 4 4 4 11 24 6 15 15 6 7 15 5 6 26 14 14 14 14 14 14 14 14 14 14 
14 14 14 14 14 14 14 14 14 14 12 17 4 4 4 17 17 13 4 4 4 4 4 13 4 13 17 4 4 17 4 17 25 25 25 7 24 7 7 12 4 12 12 12 17 6 6 6 6 6 6 6 6 6 17 17 17 17 12 12 13 12 13 13 4 13 4 17 4 13 13 13 12 12 12 13 13 4 4 11 7 6 15 24 24 24 7 5 5 26 14 14 14 14 14 14 14 14 14 14 
14 14 14 14 14 14 14 14 14 14 17 17 13 6 4 13 13 13 13 4 16 17 4 16 4 4 4 13 4 4 4 17 25 25 7 7 24 7 25 17 17 4 4 12 17 6 6 6 6 6 6 6 6 6 17 17 17 17 13 13 12 13 12 12 13 17 17 4 4 17 17 17 13 17 17 12 12 13 13 11 7 6 15 7 24 6 6 5 6 26 14 14 14 14 14 14 14 14 14 14 
14 14 14 14 14 14 14 14 14 14 17 6 13 17 13 4 4 14 13 16 16 4 4 4 4 4 4 13 4 17 4 17 25 25 25 25 24 7 25 17 13 4 4 4 17 6 6 6 6 6 6 6 6 6 17 17 17 17 12 12 13 12 13 12 4 4 4 17 17 13 13 13 13 13 17 13 4 4 4 11 7 6 24 15 24 7 24 24 6 26 14 14 14 14 14 14 14 14 14 14 
14 14 14 14 14 14 14 14 14 14 17 12 12 4 13 4 4 14 4 13 14 4 12 4 4 12 12 4 17 12 4 17 25 25 7 25 24 25 25 17 17 13 13 12 17 6 6 6 6 6 6 6 6 6 17 17 17 17 12 12 13 12 13 12 13 4 4 17 13 16 16 16 16 13 13 17 4 4 4 11 7 7 15 7 7 15 5 5 5 26 14 14 14 14 14 14 14 14 14 14 
14 14 14 14 14 14 14 14 14 14 17 12 12 4 17 13 13 13 4 13 4 4 12 4 4 14 12 17 4 4 4 17 25 25 25 25 25 25 25 12 12 17 4 17 17 17 8 9 9 9 9 9 10 17 17 17 17 17 12 12 13 12 13 4 13 13 4 17 13 13 13 13 17 17 17 13 13 17 17 11 7 7 7 6 15 5 6 24 24 26 14 14 14 14 14 14 14 14 14 14 
14 14 14 14 14 14 14 14 14 14 17 6 6 4 12 17 17 4 12 4 17 4 13 4 4 17 17 12 12 4 12 17 17 13 17 20 17 17 17 17 17 16 16 16 16 8 23 25 25 25 25 25 22 10 16 16 16 16 12 17 13 13 12 28 18 18 18 18 18 18 18 18 18 18 18 18 18 18 18 24 6 7 7 15 24 24 24 15 24 26 14 14 14 14 14 14 14 14 14 14 
14 14 14 14 14 14 14 14 14 14 17 17 4 17 4 4 4 4 4 4 4 4 4 15 4 16 17 12 4 4 12 4 4 12 12 20 12 13 17 17 13 12 12 12 12 11 25 25 25 25 25 25 25 26 12 12 12 12 13 12 12 12 12 20 12 13 17 4 4 17 12 16 13 12 12 13 4 12 17 11 6 6 15 24 15 15 5 15 24 26 14 14 14 14 14 14 14 14 14 14 
14 14 14 14 14 14 14 14 14 14 17 12 12 17 4 17 17 13 17 17 17 4 4 12 15 14 17 4 4 4 12 12 13 4 12 20 12 16 12 13 12 13 13 13 12 11 13 13 13 20 13 12 13 26 12 12 12 12 16 16 13 17 17 20 12 14 14 14 13 12 17 12 13 16 4 4 17 4 13 11 24 15 17 12 17 17 15 15 15 26 14 14 14 14 14 14 14 14 14 14 
14 14 14 14 14 14 14 14 14 14 17 12 6 17 17 13 13 4 4 4 4 4 13 4 6 12 4 4 12 12 4 4 4 4 4 20 17 13 12 16 12 12 13 13 12 11 12 13 14 20 14 12 13 26 12 12 12 12 13 17 13 13 12 20 13 14 13 12 13 16 12 4 13 17 4 4 4 4 17 11 24 15 13 12 15 15 24 24 15 26 14 14 14 14 14 14 14 14 14 14 
14 14 14 14 14 14 14 14 14 14 17 12 6 13 13 13 17 4 4 4 17 4 17 13 13 13 17 12 4 12 4 4 4 4 4 20 17 12 12 17 17 13 12 12 13 11 13 12 13 20 13 12 12 26 12 12 12 12 17 16 13 13 12 20 12 14 13 13 17 13 4 12 14 12 13 4 14 4 13 11 24 13 17 17 13 17 17 15 12 26 14 14 14 14 14 14 14 14 14 14 
14 14 14 14 14 14 14 14 14 14 17 14 12 14 13 13 14 4 4 4 4 4 4 17 12 4 17 17 17 4 4 4 13 13 4 20 17 12 13 17 17 9 9 9 9 23 13 12 14 20 14 13 13 22 9 9 9 9 17 13 17 17 17 20 13 12 12 17 12 13 4 13 12 12 13 13 13 12 17 11 15 13 17 12 12 13 12 12 12 26 14 14 14 14 14 14 14 14 14 14 
14 14 14 14 14 14 14 14 14 14 17 17 14 12 6 6 13 13 6 4 4 4 4 4 4 4 4 4 17 17 17 12 13 12 4 20 14 14 14 14 14 14 14 14 14 14 13 12 12 20 12 13 12 16 16 16 16 16 16 16 16 16 16 20 12 7 17 13 12 17 16 17 17 17 16 4 4 13 13 11 15 17 15 15 17 17 17 15 17 26 14 14 14 14 14 14 14 14 14 14 
14 14 14 14 14 14 14 14 14 14 4 4 4 4 17 17 17 14 17 5 5 4 4 4 4 4 17 12 12 13 12 12 12 12 13 20 14 14 14 14 14 14 14 14 14 14 13 13 14 20 14 13 12 16 16 16 16 16 16 16 16 16 16 20 17 7 13 17 16 17 4 4 4 4 4 4 17 17 17 30 7 27 17 13 13 17 27 17 27 29 14 14 14 14 14 14 14 14 14 14 
14 14 14 14 14 14 14 14 14 14 4 14 14 4 14 17 17 4 4 5 4 4 4 4 4 13 12 4 4 12 4 4 4 13 4 20 14 14 14 14 14 14 14 14 14 14 13 12 12 20 12 12 12 16 16 16 16 16 16 16 16 16 16 20 13 4 13 16 12 14 14 4 13 16 4 13 4 17 4 4 7 13 4 12 12 13 4 12 17 12 14 14 14 14 14 14 14 14 14 14 
14 14 14 14 14 14 14 14 14 14 4 4 4 5 4 4 17 17 5 5 4 4 13 17 17 13 12 12 17 17 4 4 12 4 4 20 14 14 14 14 14 14 14 14 14 14 13 12 14 20 14 13 13 16 16 16 16 16 16 16 16 16 16 20 12 12 17 13 17 7 17 17 13 17 14 4 4 13 13 17 7 13 12 13 13 16 13 13 4 17 14 14 14 14 14 14 14 14 14 14 
14 14 14 14 14 14 14 14 14 14 4 5 5 4 13 4 4 14 4 13 14 4 4 17 7 4 17 13 17 4 4 17 17 17 13 19 18 18 18 18 18 18 18 18 18 18 18 18 18 19 18 18 18 18 18 18 18 18 18 18 18 18 18 19 13 4 4 13 4 17 17 13 17 4 4 14 4 13 17 4 7 13 12 13 12 4 17 17 16 4 14 14 14 14 14 14 14 14 14 14 
14 14 14 14 14 14 14 14 14 14 5 4 4 14 14 13 4 4 4 4 4 4 4 4 4 4 17 4 17 4 4 6 17 6 17 17 17 17 13 13 17 17 13 17 13 17 16 13 13 3 13 13 16 17 13 13 17 17 17 12 17 12 17 6 4 4 7 13 14 13 4 13 17 17 4 4 4 4 17 4 7 13 12 16 17 17 13 17 16 17 14 14 14 14 14 14 14 14 14 14 
14 14 14 14 14 14 14 14 14 14 4 4 4 14 17 4 4 17 4 6 14 14 4 4 6 6 4 4 17 7 7 17 17 6 17 13 17 13 17 17 13 13 13 17 17 17 13 16 13 3 13 16 12 12 13 6 6 4 17 13 17 13 17 13 4 4 7 13 13 4 4 13 16 4 4 4 4 4 4 17 7 4 4 13 13 16 17 4 4 12 14 14 14 14 14 14 14 14 14 14 
14 14 14 14 14 14 14 14 14 14 4 4 4 14 17 13 4 4 4 4 17 4 15 4 17 4 17 13 4 17 17 17 4 17 17 17 17 17 13 13 17 17 17 13 12 13 12 12 16 3 16 12 12 13 13 17 13 4 17 4 6 17 17 6 4 4 17 17 4 13 4 7 12 13 4 12 12 7 7 4 7 7 7 7 7 17 15 15 17 4 14 14 14 14 14 14 14 14 14 14 
14 14 14 14 14 14 14 14 14 14 4 4 4 14 4 17 4 4 6 4 4 14 17 17 4 7 4 6 17 13 7 17 6 17 17 13 13 13 13 17 13 13 17 13 12 12 12 16 17 3 17 16 12 13 13 17 6 6 17 6 6 4 6 13 13 4 13 4 4 4 4 4 4 4 17 4 12 4 4 7 4 24 13 24 14 4 4 15 4 12 14 14 14 14 14 14 14 14 14 14 
14 14 14 14 14 14 14 14 14 14 4 4 4 4 4 17 4 4 6 13 4 6 7 13 17 7 17 6 15 7 4 13 17 4 17 17 17 13 17 17 17 17 17 17 13 17 16 4 17 3 17 17 16 12 13 17 13 17 17 13 6 4 17 4 4 17 13 4 17 4 12 4 4 4 12 4 4 12 12 14 4 4 13 13 24 4 17 15 17 12 14 14 14 14 14 14 14 14 14 14 
14 14 14 14 14 14 14 14 14 14 4 4 14 14 4 4 4 4 17 4 4 13 13 17 17 4 4 17 17 17 17 4 4 4 1 1 1 1 1 1 1 1 1 1 17 17 16 13 17 3 4 17 16 17 17 1 1 1 1 1 1 1 1 1 17 17 4 17 17 16 4 17 12 7 12 4 13 4 7 4 14 14 4 12 4 7 7 15 7 7 14 14 14 14 14 14 14 14 14 14 
14 14 14 14 14 14 14 14 14 14 4 4 13 13 13 14 14 13 17 13 13 13 17 17 14 7 4 6 6 17 17 17 17 17 1 15 15 15 15 15 15 15 15 1 13 17 16 17 17 3 17 13 16 13 17 1 15 15 15 15 15 15 15 1 4 17 4 17 17 7 12 4 13 4 17 17 17 4 12 4 12 4 12 14 12 7 7 7 7 7 14 14 14 14 14 14 14 14 14 14 
14 14 14 14 14 14 14 14 14 14 4 4 17 1 1 1 1 1 1 1 1 17 17 13 17 17 17 7 17 15 15 15 4 17 1 15 15 15 15 15 15 15 15 1 17 13 16 4 13 3 17 4 16 13 17 1 15 15 15 15 15 15 15 1 4 17 17 17 17 4 13 4 17 12 17 7 6 12 12 4 7 12 4 7 12 7 7 7 7 7 14 14 14 14 14 14 14 14 14 14 
14 14 14 14 14 14 14 14 14 14 17 17 17 1 7 7 5 7 4 7 1 17 16 17 13 6 17 4 17 17 17 17 17 17 1 15 15 15 15 15 15 15 15 1 17 17 16 17 17 3 13 13 16 17 13 1 15 15 15 15 15 15 15 1 4 17 17 12 17 17 12 17 17 12 17 4 17 4 13 14 13 4 7 17 13 17 12 13 17 13 14 14 14 14 14 14 14 14 14 14 
14 14 14 14 14 14 14 14 14 14 17 4 17 1 7 4 7 24 7 7 1 1 1 1 17 17 17 17 4 17 6 4 17 17 1 15 15 15 15 15 15 15 15 2 6 6 6 6 6 6 6 6 6 6 6 2 15 15 15 15 15 15 15 1 4 17 17 16 13 17 12 16 16 24 4 12 6 6 6 12 17 17 13 12 13 17 17 17 13 13 14 14 14 14 14 14 14 14 14 14 
14 14 14 14 14 14 14 14 14 14 17 13 12 1 5 7 4 5 5 24 7 5 7 1 18 18 18 18 18 18 18 18 18 18 18 15 15 15 15 15 15 15 15 2 6 6 6 5 5 5 6 6 5 6 5 2 15 15 15 15 15 15 15 1 14 14 14 17 13 24 12 4 17 12 17 17 17 4 13 6 13 13 17 17 17 17 13 17 17 13 14 14 14 14 14 14 14 14 14 14 
14 14 14 14 14 14 14 14 14 14 12 4 12 1 4 7 2 12 7 7 5 1 5 1 18 18 18 18 18 18 18 18 18 18 18 15 15 15 15 15 15 15 15 2 5 5 5 5 6 5 6 5 6 5 6 2 15 15 15 15 15 15 15 1 4 17 17 4 4 4 17 12 16 12 12 6 13 4 17 12 12 13 13 13 13 13 17 17 17 17 14 14 14 14 14 14 14 14 14 14 
14 14 14 14 14 14 14 14 14 14 12 13 12 1 7 24 4 24 7 7 1 1 19 18 18 18 18 18 18 18 18 18 18 18 18 15 15 15 15 15 15 15 15 2 6 6 6 5 6 6 6 5 6 6 5 2 15 15 15 15 15 15 15 1 4 14 17 4 17 12 4 7 4 14 17 6 6 13 4 4 17 17 13 13 4 17 13 13 17 17 14 14 14 14 14 14 14 14 14 14 
14 14 14 14 14 14 14 14 14 14 13 13 13 1 7 5 24 7 24 7 1 17 4 16 13 17 13 13 12 13 13 13 17 13 1 15 15 15 15 15 15 15 15 2 6 6 5 6 5 5 5 5 6 6 6 2 15 15 15 15 15 15 15 1 4 4 17 4 4 14 14 12 13 4 4 12 13 6 13 13 17 4 4 13 13 13 13 17 17 17 14 14 14 14 14 14 14 14 14 14 
14 14 14 14 14 14 14 14 14 14 13 13 13 1 7 4 7 24 7 4 1 17 16 17 13 17 13 17 12 15 13 15 12 13 1 15 15 15 15 15 15 15 15 2 2 2 2 2 15 15 15 2 2 2 2 2 15 15 15 15 15 15 15 1 4 4 17 4 12 12 17 17 17 4 13 4 4 6 12 17 7 4 17 17 12 6 17 17 13 13 14 14 14 14 14 14 14 14 14 14 
14 14 14 14 14 14 14 14 14 14 13 4 12 1 1 1 1 1 1 1 1 17 17 17 17 13 17 15 17 12 15 17 12 13 1 15 15 15 15 15 15 15 15 15 15 15 15 15 15 15 15 15 15 15 15 15 15 15 15 15 15 15 15 1 17 12 12 17 24 13 12 4 4 13 13 16 16 17 12 6 12 7 24 6 13 17 6 13 13 17 14 14 14 14 14 14 14 14 14 14 
14 14 14 14 14 14 14 14 14 14 4 4 12 12 12 12 13 13 13 12 13 13 15 15 13 13 15 17 17 12 12 12 12 13 1 15 15 15 15 15 15 15 15 15 15 15 15 15 15 15 15 15 15 15 15 15 15 15 15 15 15 15 15 1 4 14 17 16 24 14 12 12 12 13 6 4 6 6 6 6 6 6 6 13 13 17 7 17 16 17 14 14 14 14 14 14 14 14 14 14 
14 14 14 14 14 14 14 14 14 14 4 4 4 4 4 4 12 12 13 12 12 12 13 13 13 13 13 13 12 17 13 13 13 13 1 1 1 1 1 1 1 1 1 1 1 1 1 1 1 1 1 1 1 1 1 1 1 1 1 1 1 1 1 1 4 4 4 14 14 14 6 4 12 12 12 12 12 12 12 6 24 6 6 14 14 16 24 17 17 17 14 14 14 14 14 14 14 14 14 14 
14 14 14 14 14 14 14 14 14 14 14 14 14 14 14 14 14 14 14 14 14 14 14 14 14 14 14 14 14 14 14 14 14 14 14 14 14 14 14 14 14 14 14 14 14 14 14 14 14 14 14 14 14 14 14 14 14 14 14 14 14 14 14 14 14 14 14 14 14 14 14 14 14 14 14 14 14 14 14 14 14 14 14 14 14 14 14 14 14 14 14 14 14 14 14 14 14 14 14 14 
14 14 14 14 14 14 14 14 14 14 14 14 14 14 14 14 14 14 14 14 14 14 14 14 14 14 14 14 14 14 14 14 14 14 14 14 14 14 14 14 14 14 14 14 14 14 14 14 14 14 14 14 14 14 14 14 14 14 14 14 14 14 14 14 14 14 14 14 14 14 14 14 14 14 14 14 14 14 14 14 14 14 14 14 14 14 14 14 14 14 14 14 14 14 14 14 14 14 14 14 
14 14 14 14 14 14 14 14 14 14 14 14 14 14 14 14 14 14 14 14 14 14 14 14 14 14 14 14 14 14 14 14 14 14 14 14 14 14 14 14 14 14 14 14 14 14 14 14 14 14 14 14 14 14 14 14 14 14 14 14 14 14 14 14 14 14 14 14 14 14 14 14 14 14 14 14 14 14 14 14 14 14 14 14 14 14 14 14 14 14 14 14 14 14 14 14 14 14 14 14 
14 14 14 14 14 14 14 14 14 14 14 14 14 14 14 14 14 14 14 14 14 14 14 14 14 14 14 14 14 14 14 14 14 14 14 14 14 14 14 14 14 14 14 14 14 14 14 14 14 14 14 14 14 14 14 14 14 14 14 14 14 14 14 14 14 14 14 14 14 14 14 14 14 14 14 14 14 14 14 14 14 14 14 14 14 14 14 14 14 14 14 14 14 14 14 14 14 14 14 14 
14 14 14 14 14 14 14 14 14 14 14 14 14 14 14 14 14 14 14 14 14 14 14 14 14 14 14 14 14 14 14 14 14 14 14 14 14 14 14 14 14 14 14 14 14 14 14 14 14 14 14 14 14 14 14 14 14 14 14 14 14 14 14 14 14 14 14 14 14 14 14 14 14 14 14 14 14 14 14 14 14 14 14 14 14 14 14 14 14 14 14 14 14 14 14 14 14 14 14 14 
14 14 14 14 14 14 14 14 14 14 14 14 14 14 14 14 14 14 14 14 14 14 14 14 14 14 14 14 14 14 14 14 14 14 14 14 14 14 14 14 14 14 14 14 14 14 14 14 14 14 14 14 14 14 14 14 14 14 14 14 14 14 14 14 14 14 14 14 14 14 14 14 14 14 14 14 14 14 14 14 14 14 14 14 14 14 14 14 14 14 14 14 14 14 14 14 14 14 14 14 
14 14 14 14 14 14 14 14 14 14 14 14 14 14 14 14 14 14 14 14 14 14 14 14 14 14 14 14 14 14 14 14 14 14 14 14 14 14 14 14 14 14 14 14 14 14 14 14 14 14 14 14 14 14 14 14 14 14 14 14 14 14 14 14 14 14 14 14 14 14 14 14 14 14 14 14 14 14 14 14 14 14 14 14 14 14 14 14 14 14 14 14 14 14 14 14 14 14 14 14 
14 14 14 14 14 14 14 14 14 14 14 14 14 14 14 14 14 14 14 14 14 14 14 14 14 14 14 14 14 14 14 14 14 14 14 14 14 14 14 14 14 14 14 14 14 14 14 14 14 14 14 14 14 14 14 14 14 14 14 14 14 14 14 14 14 14 14 14 14 14 14 14 14 14 14 14 14 14 14 14 14 14 14 14 14 14 14 14 14 14 14 14 14 14 14 14 14 14 14 14 
14 14 14 14 14 14 14 14 14 14 14 14 14 14 14 14 14 14 14 14 14 14 14 14 14 14 14 14 14 14 14 14 14 14 14 14 14 14 14 14 14 14 14 14 14 14 14 14 14 14 14 14 14 14 14 14 14 14 14 14 14 14 14 14 14 14 14 14 14 14 14 14 14 14 14 14 14 14 14 14 14 14 14 14 14 14 14 14 14 14 14 14 14 14 14 14 14 14 14 14 
