21 21 21 21 21 21 21 21 21 21 21 21 21 21 21 21 21 21 21 21 21 21 21 21 21 21 21 21 21 21 21 21 21 21 21 21 21 21 21 21 21 21 21 21 21 21 21 21 21 21 21 21 21 21 21 21 21 21 21 21 21 21 21 21 21 21 21 21 21 21 21 21 21 21 21 21 21 21 21 21 21 21 21 21 21 21 21 21 21 21 21 21 21 21 21 21 21 21 21 21 
21 21 21 21 21 21 21 21 21 21 21 21 21 21 21 21 21 21 21 21 21 21 21 21 21 21 21 21 21 21 21 21 21 21 21 21 21 21 21 21 21 21 21 21 21 21 21 21 21 21 21 21 21 21 21 21 21 21 21 21 21 21 21 21 21 21 21 21 21 21 21 21 21 21 21 21 21 21 21 21 21 21 21 21 21 21 21 21 21 21 21 21 21 21 21 21 21 21 21 21 
21 21 21 21 21 21 21 21 21 21 21 21 21 21 21 21 21 21 21 21 21 21 21 21 21 21 21 21 21 21 21 21 21 21 21 21 21 21 21 21 21 21 21 21 21 21 21 21 21 21 21 21 21 21 21 21 21 21 21 21 21 21 21 21 21 21 21 21 21 21 21 21 21 21 21 21 21 21 21 21 21 21 21 21 21 21 21 21 21 21 21 21 21 21 21 21 21 21 21 21 
21 21 21 21 21 21 21 21 21 21 21 21 21 21 21 21 21 21 21 21 21 21 21 21 21 21 21 21 21 21 21 21 21 21 21 21 21 21 21 21 21 21 21 21 21 21 21 21 21 21 21 21 21 21 21 21 21 21 21 21 21 21 21 21 21 21 21 21 21 21 21 21 21 21 21 21 21 21 21 21 21 21 21 21 21 21 21 21 21 21 21 21 21 21 21 21 21 21 21 21 
21 21 21 21 21 21 21 21 21 21 21 21 21 21 21 21 21 21 21 21 21 21 21 21 21 21 21 21 21 21 21 21 21 21 21 21 21 21 21 21 21 21 21 21 21 21 21 21 21 21 21 21 21 21 21 21 21 21 21 21 21 21 21 21 21 21 21 21 21 21 21 21 21 21 21 21 21 21 21 21 21 21 21 21 21 21 21 21 21 21 21 21 21 21 21 21 21 21 21 21 
21 21 21 21 21 21 21 21 21 21 21 21 21 21 21 21 21 21 21 21 21 21 21 21 21 21 21 21 21 21 21 21 21 21 21 21 21 21 21 21 21 21 21 21 21 21 21 21 21 21 21 21 21 21 21 21 21 21 21 21 21 21 21 21 21 21 21 21 21 21 21 21 21 21 21 21 21 21 21 21 21 21 21 21 21 21 21 21 21 21 21 21 21 21 21 21 21 21 21 21 
21 21 21 21 21 21 21 21 21 21 21 21 21 21 21 21 21 21 21 21 21 21 21 21 21 21 21 21 21 21 21 21 21 21 21 21 21 21 21 21 21 21 21 21 21 21 21 21 21 21 21 21 21 21 21 21 21 21 21 21 21 21 21 21 21 21 21 21 21 21 21 21 21 21 21 21 21 21 21 21 21 21 21 21 21 21 21 21 21 21 21 21 21 21 21 21 21 21 21 21 
21 21 21 21 21 21 21 21 21 21 21 21 21 21 21 21 21 21 21 21 21 21 21 21 21 21 21 21 21 21 21 21 21 21 21 21 21 21 21 21 21 21 21 21 21 21 21 21 21 21 21 21 21 21 21 21 21 21 21 21 21 21 21 21 21 21 21 21 21 21 21 21 21 21 21 21 21 21 21 21 21 21 21 21 21 21 21 21 21 21 21 21 21 21 21 21 21 21 21 21 
21 21 21 21 21 21 21 21 21 21 21 21 21 21 21 21 21 21 21 21 21 21 21 21 21 21 21 21 21 21 21 21 21 21 21 21 21 21 21 21 21 21 21 21 21 21 21 21 21 21 21 21 21 21 21 21 21 21 21 21 21 21 21 21 21 21 21 21 21 21 21 21 21 21 21 21 21 21 21 21 21 21 21 21 21 21 21 21 21 21 21 21 21 21 21 21 21 21 21 21 
21 21 21 21 21 21 21 21 21 21 21 21 21 21 21 21 21 21 21 21 21 21 21 21 21 21 21 21 21 21 21 21 21 21 21 21 21 21 21 21 21 21 21 21 21 21 21 21 21 21 21 21 21 21 21 21 21 21 21 21 21 21 21 21 21 21 21 21 21 21 21 21 21 21 21 21 21 21 21 21 21 21 21 21 21 21 21 21 21 21 21 21 21 21 21 21 21 21 21 21 
21 21 21 21 21 21 21 21 21 21 1 1 1 1 1 21 1 1 1 1 1 21 1 1 1 1 1 21 1 1 1 1 1 21 1 1 1 1 1 1 1 1 21 21 21 21 21 21 21 21 21 21 21 21 21 21 21 21 21 21 21 21 21 21 21 21 21 21 21 21 21 21 21 21 21 21 21 21 21 21 21 21 21 21 21 21 21 21 21 21 21 21 21 21 21 21 21 21 21 21 
21 21 21 21 21 21 21 21 21 21 1 38 22 38 1 21 1 22 22 22 1 21 1 22 22 22 1 21 1 22 22 22 1 21 1 38 22 38 1 1 1 1 21 21 21 21 21 21 21 21 21 21 21 21 21 21 21 21 21 21 21 21 21 21 21 21 21 21 21 21 21 21 21 21 21 21 21 21 21 21 21 21 21 21 21 21 21 21 21 21 21 21 21 21 21 21 21 21 21 21 
21 21 21 21 21 21 21 21 21 21 1 22 22 22 1 21 1 22 38 22 1 21 1 38 22 38 1 21 1 22 38 22 1 21 1 22 38 22 1 1 1 1 21 21 21 21 21 21 21 21 21 21 21 21 21 21 21 21 21 21 21 21 21 21 21 21 21 21 21 21 21 21 21 21 21 21 21 21 21 21 21 21 21 21 21 21 21 21 21 21 21 21 21 21 21 21 21 21 21 21 
21 21 21 21 21 21 21 21 21 21 1 22 22 22 1 21 1 38 22 38 1 21 1 22 22 22 1 21 1 22 22 38 1 21 1 22 22 38 38 38 1 1 21 21 21 21 21 21 21 21 21 21 21 21 21 21 21 21 21 21 21 21 21 21 21 21 21 21 21 21 21 21 21 21 21 21 21 21 21 21 21 21 21 21 21 21 21 21 21 21 21 21 21 21 21 21 21 21 21 21 
21 21 21 21 21 21 21 21 21 21 1 22 22 22 21 21 21 22 22 22 21 21 21 22 22 22 21 21 21 22 22 22 21 21 21 22 22 22 1 38 1 1 21 21 21 21 21 21 21 21 21 21 21 21 21 21 21 21 21 21 21 21 21 21 21 21 21 21 21 21 21 21 21 21 21 21 21 21 21 21 21 21 21 21 21 21 21 21 21 21 21 21 21 21 21 21 21 21 21 21 
21 21 21 21 21 21 21 21 21 21 1 38 38 38 38 38 38 38 38 38 38 38 38 38 38 38 38 38 38 38 38 38 38 38 38 38 38 38 1 38 38 38 21 21 21 21 21 21 21 21 21 21 21 21 21 21 21 21 21 21 21 21 21 21 21 21 21 21 21 21 21 21 21 21 21 21 21 21 21 21 21 21 21 21 21 21 21 21 21 21 21 21 21 21 21 21 21 21 21 21 
21 21 21 21 21 21 21 21 21 21 1 22 22 22 21 21 21 22 22 22 21 21 21 22 22 22 21 21 21 22 22 22 21 21 21 22 22 22 1 3 3 3 21 21 21 21 21 21 21 21 21 21 21 21 21 21 21 21 21 21 21 21 21 21 21 21 21 21 21 21 21 21 21 21 21 21 21 21 21 21 21 21 21 21 21 21 21 21 21 21 21 21 21 21 21 21 21 21 21 21 
21 21 21 21 21 21 21 21 21 21 1 22 38 22 1 21 1 22 38 22 1 21 1 22 38 22 1 21 1 38 38 38 1 21 1 22 38 22 1 4 6 4 6 22 4 6 4 6 6 22 6 22 5 4 6 5 6 6 3 3 5 3 3 3 5 3 3 6 5 3 3 6 3 3 3 3 3 3 3 3 3 6 3 3 21 21 21 21 21 21 21 21 21 21 21 21 21 21 21 21 
21 21 21 21 21 21 21 21 21 21 1 38 38 22 1 21 1 22 38 22 1 21 1 22 38 38 1 21 1 38 38 22 1 21 1 38 38 38 1 3 3 4 22 4 6 4 4 5 22 22 22 6 22 5 5 4 22 3 6 5 3 3 3 5 3 3 6 3 5 6 3 3 5 3 6 3 3 6 6 3 3 6 5 3 21 21 21 21 21 21 21 21 21 21 21 21 21 21 21 21 
21 21 21 21 21 21 21 21 21 21 1 22 22 22 1 21 1 22 38 22 1 21 1 22 38 22 1 21 1 22 38 22 1 21 1 22 38 22 1 6 3 3 21 21 21 21 21 21 21 21 21 21 21 21 21 21 21 21 3 23 23 23 23 23 23 23 23 23 23 23 23 23 23 23 23 23 23 23 23 3 5 3 3 3 21 21 21 21 21 21 21 21 21 21 21 21 21 21 21 21 
21 21 21 21 21 21 21 21 21 21 1 1 1 1 1 21 1 1 1 1 1 21 1 1 1 1 1 21 1 1 1 1 1 21 1 1 1 1 1 6 4 4 21 21 21 21 21 21 21 21 21 21 21 21 21 21 21 21 6 23 23 23 23 23 23 23 23 23 23 25 23 24 24 24 23 23 23 23 23 3 3 5 6 3 21 21 21 21 21 21 21 21 21 21 21 21 21 21 21 21 
21 21 21 21 21 21 21 21 21 21 26 27 27 27 27 27 27 27 27 27 27 27 27 27 27 27 27 27 27 27 27 27 27 27 27 27 27 27 28 3 4 6 21 21 21 21 21 21 21 21 21 21 21 21 21 21 21 21 3 23 23 23 23 23 24 24 23 23 23 25 23 23 23 24 24 24 24 23 23 3 3 3 3 3 21 21 21 21 21 21 21 21 21 21 21 21 21 21 21 21 
21 21 21 21 21 21 21 21 21 21 29 23 23 23 23 23 23 23 23 23 23 23 23 23 23 23 23 23 23 23 23 23 23 23 23 23 23 23 30 3 22 3 21 21 21 21 21 21 21 21 21 21 21 21 21 21 21 21 5 23 23 24 24 25 23 23 23 23 23 25 23 23 23 25 25 23 24 23 23 3 5 5 3 3 21 21 21 21 21 21 21 21 21 21 21 21 21 21 21 21 
21 21 21 21 21 21 21 21 21 21 29 23 23 23 23 23 23 23 23 23 23 23 23 25 25 23 23 23 24 23 23 23 23 23 25 23 23 23 30 6 3 22 21 21 21 21 21 21 21 21 21 21 21 21 21 21 21 21 3 23 23 24 25 25 24 23 23 23 23 25 25 25 25 23 23 23 24 23 23 3 5 5 3 6 21 21 21 21 21 21 21 21 21 21 21 21 21 21 21 21 
21 21 21 21 21 21 21 21 21 21 29 23 23 24 24 23 23 24 24 24 24 24 23 25 25 23 23 23 24 24 24 23 23 24 25 23 23 23 30 3 4 22 21 21 21 21 21 21 21 21 21 21 21 21 21 21 21 21 6 23 23 24 25 25 24 23 23 23 23 25 25 23 23 24 23 24 24 23 23 3 6 5 3 3 21 21 21 21 21 21 21 21 21 21 21 21 21 21 21 21 
21 21 21 21 21 21 21 21 21 21 29 23 23 24 24 24 24 24 23 23 23 25 25 23 25 25 25 23 23 23 23 23 23 24 24 24 23 23 30 3 4 4 21 21 21 21 21 21 21 21 21 21 21 21 21 21 21 21 3 23 23 24 25 25 24 24 23 25 25 25 23 24 24 24 24 24 23 23 23 3 3 3 3 3 21 21 21 21 21 21 21 21 21 21 21 21 21 21 21 21 
21 21 21 21 21 21 21 21 21 21 29 23 23 24 24 25 24 24 24 23 23 25 23 23 23 23 25 25 25 23 23 23 23 24 24 24 23 23 30 3 4 3 21 21 21 21 21 21 21 21 21 21 21 21 21 21 21 21 5 23 23 24 25 23 25 24 25 25 23 25 23 24 24 23 24 23 23 23 23 5 4 4 5 3 21 21 21 21 21 21 21 21 21 21 21 21 21 21 21 21 
21 21 21 21 21 21 21 21 21 21 29 23 23 24 24 25 25 23 24 24 24 25 25 25 25 24 23 23 25 25 23 25 24 24 24 25 23 23 30 6 22 6 21 21 21 21 21 21 21 21 21 21 21 21 21 21 21 21 3 23 23 24 25 23 25 25 24 23 23 25 24 24 23 23 24 23 23 23 23 3 3 3 3 3 21 21 21 21 21 21 21 21 21 21 21 21 21 21 21 21 
21 21 21 21 21 21 21 21 21 21 29 23 23 23 23 24 25 24 24 23 25 25 25 25 25 23 23 23 23 25 25 24 24 23 24 25 23 23 30 4 6 4 21 21 21 21 21 21 21 21 21 21 21 21 21 21 21 21 3 23 23 24 25 23 23 25 25 24 23 25 23 23 23 23 25 23 23 23 23 3 6 4 3 3 21 21 21 21 21 21 21 21 21 21 21 21 21 21 21 21 
21 21 21 21 21 21 21 21 21 21 29 23 23 23 23 24 25 25 25 25 25 23 23 23 23 23 23 23 23 25 25 25 24 24 24 25 23 23 30 3 6 3 21 21 21 21 21 21 21 21 21 21 21 21 21 21 21 21 6 23 23 24 25 23 23 23 25 25 23 24 23 23 23 25 23 24 23 23 23 4 4 3 6 3 21 21 21 21 21 21 21 21 21 21 21 21 21 21 21 21 
21 21 21 21 21 21 21 21 21 21 29 23 23 23 23 23 24 24 25 23 23 23 23 23 23 25 23 24 24 23 23 23 23 23 25 23 23 23 30 4 6 3 21 21 21 21 21 21 21 21 21 21 21 21 21 21 21 21 3 23 23 24 25 23 23 25 24 24 24 24 25 25 25 24 23 23 23 23 23 5 4 4 3 3 21 21 21 21 21 21 21 21 21 21 21 21 21 21 21 21 
21 21 21 21 21 21 21 21 21 21 32 31 31 31 31 31 31 31 31 31 31 31 31 31 31 31 31 31 31 31 31 31 31 31 31 31 31 31 33 4 3 4 21 21 21 21 21 21 21 21 21 21 21 21 21 21 21 21 3 23 23 25 25 25 25 25 25 25 25 25 23 23 24 24 23 23 23 23 23 3 3 5 3 3 21 21 21 21 21 21 21 21 21 21 21 21 21 21 21 21 
21 21 21 21 21 21 21 21 21 21 21 21 21 21 21 21 21 21 21 21 21 21 21 21 21 21 21 21 21 21 21 21 21 21 21 21 21 21 21 3 3 3 6 6 6 6 6 6 6 6 6 6 6 6 6 6 21 21 3 23 23 24 24 24 24 25 25 24 24 24 24 23 23 23 23 23 23 23 23 3 3 4 6 5 21 21 21 21 21 21 21 21 21 21 21 21 21 21 21 21 
21 21 21 21 21 21 21 21 21 21 2 2 2 2 2 2 22 2 2 2 2 2 2 2 22 2 22 22 22 2 2 2 2 2 2 22 2 22 21 3 22 3 23 23 23 23 23 23 23 23 23 23 23 23 23 6 21 21 4 23 23 23 24 23 23 23 25 23 23 23 23 23 23 23 23 23 23 23 23 3 6 3 4 3 21 21 21 21 21 21 21 21 21 21 21 21 21 21 21 21 
21 21 21 21 21 21 21 21 21 21 2 38 38 38 38 38 38 38 38 38 38 38 38 38 38 38 2 22 2 38 38 38 38 38 38 22 38 2 21 22 3 22 23 26 27 27 27 27 27 27 27 27 27 28 23 6 21 21 3 23 23 23 23 23 23 23 23 23 23 23 23 23 23 23 23 23 23 23 23 4 3 6 5 6 21 21 21 21 21 21 21 21 21 21 21 21 21 21 21 21 
21 21 21 21 21 21 21 21 21 21 2 38 38 38 38 38 38 38 38 38 38 38 38 38 38 38 38 2 2 22 38 38 38 22 22 38 38 2 21 3 3 3 23 29 23 23 23 23 23 23 23 23 23 30 23 6 21 21 3 21 21 21 21 21 21 21 21 21 21 21 21 21 21 21 21 21 21 21 21 5 3 4 3 3 21 21 21 21 21 21 21 21 21 21 21 21 21 21 21 21 
21 21 21 21 21 21 21 21 21 21 2 38 38 38 38 38 38 38 38 38 38 38 38 38 38 38 38 38 38 38 38 38 38 38 38 38 38 2 21 22 3 22 23 29 23 26 27 27 27 27 27 28 23 30 23 6 21 21 4 21 21 21 21 21 21 21 21 21 21 21 21 21 21 21 21 21 21 21 22 3 22 21 22 3 21 21 21 21 21 21 21 21 21 21 21 21 21 21 21 21 
21 21 21 21 21 21 21 21 21 21 2 38 38 38 38 38 38 38 38 22 38 38 38 38 38 38 38 38 22 22 22 38 38 38 38 38 22 22 21 3 22 3 23 29 23 32 31 31 31 31 31 33 23 30 23 6 21 21 22 21 21 4 21 21 4 4 21 5 21 21 21 21 21 21 21 21 21 21 22 5 6 21 22 3 21 21 21 21 21 21 21 21 21 21 21 21 21 21 21 21 
21 21 21 21 21 21 21 21 21 21 2 38 38 38 38 38 38 22 22 38 38 38 38 38 38 38 22 22 22 38 38 38 38 38 22 38 2 21 21 22 3 3 23 29 23 23 23 23 23 23 23 23 23 30 23 6 21 21 4 21 21 21 21 6 4 21 21 6 6 21 5 21 21 21 21 21 22 21 22 3 22 21 22 6 21 21 21 21 21 21 21 21 21 21 21 21 21 21 21 21 
21 21 21 21 21 21 21 21 21 21 2 38 38 38 38 38 38 22 38 38 38 38 38 38 22 22 22 38 38 38 38 38 38 38 38 38 2 21 21 3 22 22 23 32 31 31 31 31 31 31 31 31 31 33 23 6 21 21 22 21 6 4 21 21 6 6 6 22 22 5 5 5 21 21 21 21 22 21 5 3 22 21 5 3 21 21 21 21 21 21 21 21 21 21 21 21 21 21 21 21 
21 21 21 21 21 21 21 21 21 21 2 38 38 38 38 38 22 38 38 38 38 38 38 38 38 22 38 38 38 38 38 38 38 38 38 38 2 2 21 22 3 3 23 23 23 23 23 23 23 23 23 23 23 23 23 6 21 21 4 21 21 5 21 21 6 6 6 6 5 5 21 21 21 21 22 21 6 21 6 5 22 21 22 3 21 21 21 21 21 21 21 21 21 21 21 21 21 21 21 21 
21 21 21 21 21 21 21 21 21 21 2 38 38 38 38 38 22 38 38 38 38 38 38 38 38 38 38 38 38 38 38 38 38 38 38 38 38 2 21 3 22 22 6 6 6 6 6 6 6 6 6 6 6 6 6 6 21 21 4 21 21 21 5 23 23 23 23 6 21 21 21 21 21 21 22 21 22 21 22 3 22 21 6 3 21 21 21 21 21 21 21 21 21 21 21 21 21 21 21 21 
21 21 21 21 21 21 21 21 21 21 2 38 38 38 38 38 22 38 38 38 38 22 38 38 38 38 38 38 38 38 38 38 38 38 38 38 38 22 21 3 3 3 3 3 3 3 3 3 3 3 3 3 3 3 3 3 21 21 22 21 21 21 5 4 22 23 5 6 21 21 21 21 6 21 22 21 6 21 22 6 22 21 6 3 21 21 21 21 21 21 21 21 21 21 21 21 21 21 21 21 
21 21 21 21 21 21 21 21 21 21 2 38 38 38 38 38 38 38 38 38 38 38 38 38 38 38 38 38 38 38 22 38 38 38 38 38 38 2 21 13 3 14 3 3 3 3 3 3 3 3 3 3 3 3 3 3 21 21 22 21 21 21 6 21 5 23 22 21 21 21 21 21 22 21 22 21 22 21 22 6 22 21 22 3 21 21 21 21 21 21 21 21 21 21 21 21 21 21 21 21 
21 21 21 21 21 21 21 21 21 21 2 38 38 38 38 38 38 38 38 38 38 38 38 38 38 38 38 38 38 22 38 38 38 38 38 38 2 2 21 13 3 14 3 1 1 3 3 3 3 3 3 3 3 3 1 1 21 21 22 21 21 21 21 21 5 21 21 21 21 21 5 21 22 21 22 21 22 21 22 3 22 21 22 3 21 21 21 21 21 21 21 21 21 21 21 21 21 21 21 21 
21 21 21 21 21 21 21 21 21 21 2 38 38 38 22 38 38 38 38 38 38 38 38 38 38 38 38 38 38 22 38 38 38 38 38 38 22 21 21 13 3 14 3 1 21 2 2 2 2 2 2 2 2 2 21 1 21 21 6 21 21 21 21 21 21 21 21 21 21 21 22 21 6 21 6 21 22 21 22 3 22 21 22 3 21 21 21 21 21 21 21 21 21 21 21 21 21 21 21 21 
21 21 21 21 21 21 21 21 21 21 2 38 38 38 38 38 38 38 22 38 38 38 38 38 38 38 38 38 22 38 38 38 38 22 38 38 2 21 21 13 3 14 3 3 2 38 38 38 38 38 38 38 38 38 2 3 21 21 22 1 1 1 1 1 1 1 1 21 22 21 22 21 22 21 22 21 22 21 22 6 5 21 22 4 21 21 21 21 21 21 21 21 21 21 21 21 21 21 21 21 
21 21 21 21 21 21 21 21 21 21 2 38 38 38 38 38 22 38 38 38 38 38 22 22 22 22 22 22 22 38 38 38 38 38 38 38 2 2 21 13 3 14 21 3 2 38 38 38 38 38 38 38 38 38 2 3 21 21 22 38 38 38 38 38 1 1 21 22 22 22 22 22 22 22 22 22 6 6 22 22 5 22 22 22 21 21 21 21 21 21 21 21 21 21 21 21 21 21 21 21 
21 21 21 21 21 21 21 21 21 21 2 38 38 38 38 38 38 38 38 38 38 38 38 38 38 38 38 38 38 38 38 38 38 38 38 38 38 2 21 13 3 14 21 3 2 38 38 38 38 38 38 38 38 38 2 3 21 21 38 38 38 38 38 38 1 21 22 22 5 22 7 7 5 22 22 22 22 22 22 22 22 22 22 22 21 21 21 21 21 21 21 21 21 21 21 21 21 21 21 21 
21 21 21 21 21 21 21 21 21 21 2 38 38 38 22 38 38 38 38 38 38 38 38 38 38 38 38 38 38 38 38 38 38 38 38 38 38 2 21 13 3 14 21 3 2 38 38 38 38 9 38 38 38 38 2 3 21 21 38 38 38 38 38 1 21 22 22 22 22 22 7 22 22 22 6 22 22 5 22 6 5 5 22 22 21 21 21 21 21 21 21 21 21 21 21 21 21 21 21 21 
21 21 21 21 21 21 21 21 21 21 2 38 38 38 38 38 38 38 22 38 38 38 38 38 38 38 38 22 38 38 38 38 38 22 38 38 38 2 21 13 3 14 21 3 2 38 38 38 38 38 38 38 38 38 2 3 21 21 38 38 38 38 1 21 22 22 5 5 22 3 22 22 22 6 22 5 5 5 5 22 6 5 22 22 21 21 21 21 21 21 21 21 21 21 21 21 21 21 21 21 
21 21 21 21 21 21 21 21 21 21 2 38 22 38 38 38 38 22 38 38 38 38 38 38 38 38 38 22 38 38 38 38 38 38 38 38 2 22 21 13 3 14 21 3 2 38 38 38 38 38 38 38 38 38 2 3 21 21 38 38 38 1 21 22 5 22 22 22 6 6 6 22 22 6 6 6 3 22 22 22 6 22 22 22 21 21 21 21 21 21 21 21 21 21 21 21 21 21 21 21 
21 21 21 21 21 21 21 21 21 21 2 38 38 38 38 22 38 22 38 22 38 38 38 22 38 38 38 38 38 38 38 38 38 38 38 38 22 21 21 39 3 16 3 3 2 38 38 38 38 38 38 38 38 38 2 3 21 21 38 38 1 21 22 22 5 5 22 22 6 3 7 9 6 6 22 6 6 6 22 22 3 22 22 22 21 21 21 21 21 21 21 21 21 21 21 21 21 21 21 6 
21 21 21 21 21 21 21 21 21 21 2 38 38 38 38 38 38 22 22 38 38 38 38 38 38 38 38 38 38 38 38 38 38 38 38 38 2 21 3 3 3 3 3 1 21 2 2 2 38 2 38 2 2 2 21 1 21 21 1 1 21 22 22 22 5 5 22 22 22 3 3 6 8 22 22 22 22 6 6 22 22 5 22 22 21 21 21 21 21 21 21 21 21 21 21 21 21 21 21 21 
21 21 21 21 21 21 21 21 21 21 2 2 2 2 2 2 22 22 22 22 2 2 2 2 2 2 22 2 2 9 2 2 2 22 2 2 2 21 3 3 3 3 3 1 1 4 4 4 3 3 3 4 4 4 1 1 21 21 1 21 22 22 22 6 22 9 22 22 3 9 22 22 22 22 22 9 22 22 7 22 5 5 22 6 21 21 21 21 21 21 21 21 21 21 21 21 21 21 21 21 
21 21 21 21 21 21 21 21 21 21 21 21 21 21 21 21 21 21 21 21 21 21 21 21 21 21 21 21 9 9 9 21 21 21 21 21 21 21 3 3 3 3 3 3 3 3 3 3 3 3 3 3 3 3 3 3 21 21 21 22 22 22 22 3 9 5 22 6 3 22 8 22 22 22 22 3 22 22 22 6 5 3 6 6 21 21 21 21 21 21 21 21 21 21 21 21 21 21 21 21 
21 21 21 21 21 21 21 21 21 21 9 9 9 9 9 9 9 9 9 9 9 9 9 9 9 9 9 9 9 9 9 26 27 27 27 27 27 27 27 27 27 27 28 3 6 6 6 6 3 3 3 6 6 6 6 3 21 21 22 22 22 22 3 3 22 5 5 6 9 9 8 22 22 9 22 22 22 22 3 3 6 6 22 22 21 21 21 21 21 21 21 21 21 21 21 21 21 21 21 21 
21 21 21 21 21 21 21 21 21 21 9 8 8 8 8 8 8 8 8 8 9 9 9 9 9 9 9 9 9 9 9 29 25 25 25 25 25 25 25 25 25 24 30 26 27 27 27 28 3 3 3 26 27 27 27 28 21 21 22 22 22 22 3 22 6 6 3 26 27 27 27 27 27 27 27 28 9 22 3 22 6 22 22 22 21 21 21 21 21 21 21 21 21 21 21 21 21 21 21 21 
21 21 21 21 21 21 21 21 21 21 9 8 8 1 1 1 1 1 1 8 9 9 9 9 9 9 9 9 9 9 9 29 25 25 25 25 25 25 25 25 25 24 30 29 23 23 23 30 22 3 3 29 25 23 23 30 21 21 22 5 22 22 22 6 3 7 3 29 23 23 23 23 23 24 23 30 9 22 3 3 22 6 22 22 21 21 21 21 21 21 21 21 21 21 21 21 21 21 21 21 
21 21 21 21 21 21 21 21 21 21 9 8 1 1 9 9 9 9 1 8 8 8 8 8 8 8 8 8 9 9 9 29 25 25 25 25 25 25 25 25 25 25 30 29 24 25 25 30 5 22 3 29 23 25 23 30 21 21 22 22 22 6 6 22 6 9 3 29 23 24 25 24 24 23 25 30 8 9 3 3 22 6 22 22 21 21 21 21 21 21 21 21 21 21 21 21 21 21 21 21 
21 21 21 21 21 21 21 21 21 21 9 8 1 9 1 9 9 1 7 7 7 7 7 7 7 7 7 7 9 9 9 29 25 25 25 25 25 25 25 25 25 25 30 29 23 23 25 30 22 5 22 29 23 24 23 30 21 21 22 22 22 6 8 22 7 7 3 29 23 23 25 25 23 25 23 30 8 9 3 3 22 3 7 22 21 21 21 21 21 21 21 21 21 21 21 21 21 21 21 21 
21 21 21 21 21 21 21 21 21 21 9 8 1 9 9 40 40 8 7 7 7 7 7 7 7 7 7 7 9 9 9 29 25 25 25 25 25 25 25 25 25 25 30 29 24 25 24 30 3 3 22 29 24 24 25 30 21 21 22 22 22 22 7 7 22 22 6 32 31 31 31 31 31 31 31 33 22 3 3 3 22 22 6 22 21 21 21 21 21 21 21 21 21 21 21 21 21 21 21 21 
21 21 21 21 21 21 21 21 21 21 9 8 1 9 9 40 40 8 7 7 7 7 7 7 7 7 7 7 9 9 9 29 25 25 25 25 25 25 25 25 25 25 30 29 25 24 24 30 22 4 3 29 24 24 24 30 21 21 22 22 7 22 8 7 22 22 3 3 22 3 22 22 22 22 22 22 22 3 3 22 3 6 6 22 21 21 21 21 21 21 21 21 21 21 21 21 21 21 21 21 
21 21 21 21 21 21 21 21 21 21 9 8 1 9 1 9 9 1 7 7 7 7 7 7 7 7 7 7 9 9 9 29 24 25 25 25 25 25 25 25 25 25 30 32 31 31 31 33 4 22 3 32 31 31 31 33 21 21 22 22 22 22 22 9 6 22 6 9 9 3 22 9 8 22 9 3 6 6 6 6 3 3 22 22 21 21 21 21 21 21 21 21 21 21 21 21 21 21 21 21 
21 21 21 21 21 21 21 21 21 21 9 8 1 1 9 9 9 9 1 8 8 8 8 8 8 8 8 8 9 9 9 29 24 25 25 25 25 25 25 25 25 25 30 3 6 3 3 3 22 3 22 3 3 3 3 3 21 21 22 22 22 22 3 9 6 6 6 6 22 22 3 3 3 6 6 6 6 3 3 22 7 22 22 22 21 21 21 21 21 21 21 21 21 21 21 21 21 21 21 21 
21 21 21 21 21 21 21 21 21 21 9 8 8 1 1 1 1 1 1 8 9 9 9 9 9 9 9 9 9 9 9 32 31 31 31 31 31 31 31 31 31 31 33 3 3 5 5 3 3 3 6 3 3 6 3 3 21 21 22 22 22 22 22 9 9 9 9 6 6 22 3 6 6 6 6 22 3 22 9 9 7 22 22 22 21 21 21 21 21 21 21 21 21 21 21 21 21 21 21 21 
21 21 21 21 21 21 21 21 21 21 9 8 8 8 8 8 8 8 8 8 9 9 9 9 9 9 9 9 9 9 9 9 9 9 9 9 9 9 9 9 9 9 9 3 6 3 5 5 22 3 3 3 3 6 3 5 21 21 22 22 22 22 22 22 7 7 7 7 22 22 9 22 9 8 7 7 9 9 9 3 7 22 22 22 21 21 21 21 21 21 21 21 21 21 21 21 21 21 21 21 
21 21 21 21 21 21 21 21 21 21 9 9 9 9 9 9 9 9 9 9 9 9 9 9 9 9 9 9 9 9 9 9 9 9 9 9 9 9 9 9 9 9 9 6 3 3 3 3 3 22 3 3 3 6 3 3 21 21 22 22 22 22 22 22 22 22 22 7 7 22 7 7 3 9 9 9 22 3 3 3 22 22 22 22 21 21 21 21 21 21 21 21 21 21 21 21 21 21 21 21 
21 21 21 21 21 21 21 21 21 21 3 3 3 3 3 3 3 3 3 3 3 3 3 3 3 3 3 3 3 3 3 3 3 3 3 3 3 3 3 3 3 3 3 3 3 3 5 5 3 22 3 3 5 3 6 3 21 21 21 21 21 21 21 21 22 22 22 22 22 22 9 3 3 22 22 22 7 7 22 22 22 22 22 22 21 21 21 21 21 21 21 21 21 21 21 21 21 21 21 21 
21 21 21 21 21 21 21 21 21 21 3 3 3 3 3 3 3 3 3 3 3 3 3 3 3 3 3 3 3 3 3 3 3 3 3 3 3 3 3 3 3 3 3 3 3 6 3 3 5 3 3 3 5 3 3 3 21 21 21 21 21 21 21 21 22 22 22 22 22 22 22 22 22 22 22 22 22 22 22 22 22 22 22 22 21 21 21 21 21 21 21 21 21 21 21 21 21 21 21 21 
21 21 21 21 21 21 21 21 21 21 3 3 3 3 3 3 3 3 3 3 3 3 3 3 3 3 3 3 3 3 3 3 3 3 3 3 3 3 17 15 15 15 15 15 15 15 15 15 15 15 15 15 15 15 15 15 15 15 15 15 15 18 21 21 22 22 22 22 22 22 22 22 22 22 22 22 22 22 22 22 22 22 22 22 21 21 21 21 21 21 21 21 21 21 21 21 21 21 21 21 
21 21 21 21 21 21 21 21 21 21 26 27 27 27 27 27 27 27 27 27 28 3 3 26 27 27 27 27 27 27 27 27 27 27 27 27 27 28 14 9 9 9 9 9 9 9 9 9 9 9 9 9 9 9 9 9 9 9 9 9 9 13 21 21 22 22 22 22 22 2 2 2 2 2 2 2 2 2 2 2 38 2 2 22 21 21 21 21 21 21 21 21 21 21 21 21 21 21 21 21 
21 21 21 21 21 21 21 21 21 21 29 23 23 23 23 23 23 23 24 24 30 3 3 29 23 23 23 23 23 23 23 23 25 23 23 23 23 30 14 9 9 8 8 9 8 9 9 9 9 9 9 9 9 9 9 9 9 9 9 9 9 13 21 21 22 22 22 22 22 2 38 38 38 38 38 38 38 38 38 38 38 38 2 22 21 21 21 21 21 21 21 21 21 21 21 21 21 21 21 21 
21 21 21 21 21 21 21 21 21 21 29 23 23 23 23 23 23 24 24 23 30 3 3 29 23 23 23 23 23 23 25 25 25 23 23 23 23 30 14 9 9 8 8 8 8 8 9 8 9 8 8 9 9 9 9 9 7 7 9 9 9 13 21 21 22 22 22 22 22 2 38 38 38 38 38 38 38 38 38 38 38 38 2 22 21 21 21 21 21 21 21 21 21 21 21 21 21 21 21 21 
21 21 21 21 21 21 21 21 21 21 29 23 23 23 23 23 24 24 23 23 30 3 3 29 23 23 23 23 24 24 24 23 23 23 23 23 23 30 14 9 9 8 8 7 8 8 8 9 9 9 9 9 9 9 8 9 9 7 9 9 9 13 21 21 22 22 22 22 22 2 38 38 38 38 38 38 38 38 38 38 38 38 2 22 21 21 21 21 21 21 21 21 21 21 21 21 21 21 21 21 
21 21 21 21 21 21 21 21 21 21 29 23 23 24 25 24 24 23 23 23 30 3 3 29 23 23 23 23 24 24 24 24 23 23 25 25 23 30 14 9 9 9 9 7 9 8 9 8 7 7 7 8 8 9 9 9 7 7 9 9 9 13 21 21 22 22 22 22 22 2 2 2 2 2 2 2 2 2 2 2 2 2 2 22 21 21 21 21 21 21 21 21 21 21 21 21 21 21 21 21 
21 21 21 21 21 21 21 21 21 21 29 23 23 25 24 24 24 23 23 23 30 3 3 29 23 23 23 24 24 25 23 24 24 24 25 23 23 30 14 9 9 9 9 7 7 7 9 9 9 9 7 7 7 7 7 9 7 9 9 9 9 13 21 21 21 21 21 21 21 21 21 21 21 21 21 21 21 21 21 21 21 21 21 21 21 21 21 21 21 21 21 21 21 21 21 21 21 21 21 21 
21 21 21 21 21 21 21 21 21 21 29 23 25 25 24 24 23 23 23 23 30 3 3 29 23 23 23 23 23 25 25 25 24 24 23 23 23 30 14 8 8 8 8 8 8 7 7 8 8 9 9 9 8 7 7 7 7 8 8 8 8 13 21 21 21 21 21 21 21 21 21 21 21 21 21 21 21 21 21 21 21 21 21 21 21 21 21 21 21 21 21 21 21 21 21 21 21 21 21 21 
21 21 21 21 21 21 21 21 21 21 29 23 25 25 24 25 23 23 23 23 30 3 3 29 23 23 23 24 24 24 24 24 24 23 23 23 23 30 14 8 8 8 8 8 8 8 8 8 8 8 7 7 9 9 9 7 7 7 8 8 8 13 21 21 21 21 21 21 21 21 21 21 21 21 21 21 21 21 21 21 21 21 21 21 21 21 21 21 21 21 21 21 21 21 21 21 21 21 21 21 
21 21 21 21 21 21 21 21 21 21 29 23 23 24 24 25 23 25 23 23 30 3 3 29 23 23 25 25 25 23 1 1 1 1 1 23 23 30 14 8 8 8 8 8 8 7 8 8 8 8 8 8 8 8 8 9 9 8 8 8 8 13 21 21 21 21 21 21 21 21 21 21 21 21 21 21 21 21 21 21 21 21 21 21 21 21 21 21 21 21 21 21 21 21 21 21 21 21 21 21 
21 21 21 21 21 21 21 21 21 21 29 23 23 23 24 25 23 23 23 23 30 3 3 29 23 23 23 23 23 23 1 38 38 38 1 23 23 30 14 7 8 8 8 8 8 8 8 8 8 8 8 8 8 8 8 8 8 8 8 8 8 13 21 21 21 21 21 21 21 21 21 21 21 21 21 21 21 21 21 21 21 21 21 21 21 21 21 21 21 21 21 21 21 21 21 21 21 21 21 21 
21 21 21 21 21 21 21 21 21 21 29 23 23 25 25 25 25 23 23 23 30 3 3 32 31 31 31 31 31 31 1 38 38 38 1 23 25 30 19 11 11 11 11 11 11 11 11 11 11 11 11 11 11 11 11 11 11 11 11 11 11 20 21 21 21 21 21 21 21 21 21 21 21 21 21 21 21 21 21 21 21 21 21 21 21 21 21 21 21 21 21 21 21 21 21 21 21 21 21 21 
21 21 21 21 21 21 21 21 21 21 29 23 24 23 23 25 25 25 23 23 30 3 3 3 3 3 3 3 3 3 38 38 38 38 1 23 25 30 21 22 21 21 9 9 9 22 22 9 8 8 8 8 8 8 8 8 9 8 8 9 8 9 21 21 21 21 21 21 21 21 21 21 21 21 21 21 21 21 21 21 21 21 21 21 21 21 21 21 21 21 21 21 21 21 21 21 21 21 21 21 
21 21 21 21 21 21 21 21 21 21 29 23 24 23 25 25 23 23 23 23 30 3 3 3 3 3 3 3 3 3 38 38 38 38 1 23 25 30 21 22 21 21 4 4 6 22 8 22 22 22 8 8 8 8 22 22 22 22 22 22 22 22 21 21 21 21 21 21 21 21 21 21 21 21 21 21 21 21 21 21 21 21 21 21 21 21 21 21 21 21 21 21 21 21 21 21 21 21 21 21 
21 21 21 21 21 21 21 21 21 21 29 23 25 23 25 23 23 23 23 23 36 27 27 27 27 27 27 27 27 27 1 38 38 38 1 23 25 30 22 21 21 22 21 4 6 4 4 6 6 4 7 6 4 4 22 4 4 4 4 22 22 22 21 21 21 21 21 21 21 21 21 21 21 21 21 21 21 21 21 21 21 21 21 21 21 21 21 21 21 21 21 21 21 21 21 21 21 21 21 21 
21 21 21 21 21 21 21 21 21 21 29 23 25 23 23 23 23 23 23 24 23 23 23 23 25 25 25 23 23 23 1 38 38 38 1 23 25 30 21 21 4 22 22 6 6 22 8 22 22 22 22 22 6 6 6 22 22 22 8 22 22 22 21 21 21 21 21 21 21 21 21 21 21 21 21 21 21 21 21 21 21 21 21 21 21 21 21 21 21 21 21 21 21 21 21 21 21 21 21 21 
21 21 21 21 21 21 21 21 21 21 29 23 23 23 24 23 23 23 23 23 24 23 23 23 25 23 23 23 23 23 1 1 1 1 1 23 25 30 9 9 4 21 6 6 22 22 22 22 22 4 6 8 22 4 22 6 6 22 22 22 22 22 21 21 21 21 21 21 21 21 21 21 21 21 21 21 21 21 21 21 21 21 21 21 21 21 21 21 21 21 21 21 21 21 21 21 21 21 21 21 
21 21 21 21 21 21 21 21 21 21 29 23 23 23 23 23 23 23 23 25 24 23 24 23 23 25 23 23 23 23 23 25 23 23 23 23 25 30 21 22 22 21 6 6 4 8 22 4 4 22 22 6 22 22 8 22 22 22 8 6 8 22 21 21 21 21 21 21 21 21 21 21 21 21 21 21 21 21 21 21 21 21 21 21 21 21 21 21 21 21 21 21 21 21 21 21 21 21 21 21 
21 21 21 21 21 21 21 21 21 21 29 23 23 23 23 25 23 23 24 23 23 23 23 23 25 23 23 23 25 23 23 25 25 25 25 23 23 30 8 21 21 21 9 9 22 8 22 5 8 5 22 22 22 6 8 5 22 22 22 22 6 22 21 21 21 21 21 21 21 21 21 21 21 21 21 21 21 21 21 21 21 21 21 21 21 21 21 21 21 21 21 21 21 21 21 21 21 21 21 21 
21 21 21 21 21 21 21 21 21 21 32 31 31 31 31 31 31 31 31 31 31 31 31 31 31 31 31 31 31 31 31 31 31 31 31 31 31 33 21 8 8 8 6 9 9 22 8 5 6 8 5 8 5 22 22 5 22 22 22 6 8 8 21 21 21 21 21 21 21 21 21 21 21 21 21 21 21 21 21 21 21 21 21 21 21 21 21 21 21 21 21 21 21 21 21 21 21 21 21 21 
21 21 21 21 21 21 21 21 21 21 21 21 21 21 21 21 21 21 21 21 21 21 21 21 21 21 21 21 21 21 21 21 21 21 21 21 21 21 21 21 21 21 21 21 21 21 21 21 21 21 21 21 21 21 21 21 21 21 21 21 21 21 21 21 21 21 21 21 21 21 21 21 21 21 21 21 21 21 21 21 21 21 21 21 21 21 21 21 21 21 21 21 21 21 21 21 21 21 21 21 
21 21 21 21 21 21 21 21 21 21 21 21 21 21 21 21 21 21 21 21 21 21 21 21 21 21 21 21 21 21 21 21 21 21 21 21 21 21 21 21 21 21 21 21 21 21 21 21 21 21 21 21 21 21 21 21 21 21 21 21 21 21 21 21 21 21 21 21 21 21 21 21 21 21 21 21 21 21 21 21 21 21 21 21 21 21 21 21 21 21 21 21 21 21 21 21 21 21 21 21 
21 21 21 21 21 21 21 21 21 21 21 21 21 21 21 21 21 21 21 21 21 21 21 21 21 21 21 21 21 21 21 21 21 21 21 21 21 21 21 21 21 21 21 21 21 21 21 21 21 21 21 21 21 21 21 21 21 21 21 21 21 21 21 21 21 21 21 21 21 21 21 21 21 21 21 21 21 21 21 21 21 21 21 21 21 21 21 21 21 21 21 21 21 21 21 21 21 21 21 21 
21 21 21 21 21 21 21 21 21 21 21 21 21 21 21 21 21 21 21 21 21 21 21 21 21 21 21 21 21 21 21 21 21 21 21 21 21 21 21 21 21 21 21 21 21 21 21 21 21 21 21 21 21 21 21 21 21 21 21 21 21 21 21 21 21 21 21 21 21 21 21 21 21 21 21 21 21 21 21 21 21 21 21 21 21 21 21 21 21 21 21 21 21 21 21 21 21 21 21 21 
21 21 21 21 21 21 21 21 21 21 21 21 21 21 21 21 21 21 21 21 21 21 21 21 21 21 21 21 21 21 21 21 21 21 21 21 21 21 21 21 21 21 21 21 21 21 21 21 21 21 21 21 21 21 21 21 21 21 21 21 21 21 21 21 21 21 21 21 21 21 21 21 21 21 21 21 21 21 21 21 21 21 21 21 21 21 21 21 21 21 21 21 21 21 21 21 21 21 21 21 
21 21 21 21 21 21 21 21 21 21 21 21 21 21 21 21 21 21 21 21 21 21 21 21 21 21 21 21 21 21 21 21 21 21 21 21 21 21 21 21 21 21 21 21 21 21 21 21 21 21 21 21 21 21 21 21 21 21 21 21 21 21 21 21 21 21 21 21 21 21 21 21 21 21 21 21 21 21 21 21 21 21 21 21 21 21 21 21 21 21 21 21 21 21 21 21 21 21 21 21 
21 21 21 21 21 21 21 21 21 21 21 21 21 21 21 21 21 21 21 21 21 21 21 21 21 21 21 21 21 21 21 21 21 21 21 21 21 21 21 21 21 21 21 21 21 21 21 21 21 21 21 21 21 21 21 21 21 21 21 21 21 21 21 21 21 21 21 21 21 21 21 21 21 21 21 21 21 21 21 21 21 21 21 21 21 21 21 21 21 21 21 21 21 21 21 21 21 21 21 21 
21 21 21 21 21 21 21 21 21 21 21 21 21 21 21 21 21 21 21 21 21 21 21 21 21 21 21 21 21 21 21 21 21 21 21 21 21 21 21 21 21 21 21 21 21 21 21 21 21 21 21 21 21 21 21 21 21 21 21 21 21 21 21 21 21 21 21 21 21 21 21 21 21 21 21 21 21 21 21 21 21 21 21 21 21 21 21 21 21 21 21 21 21 21 21 21 21 21 21 21 
21 21 21 21 21 21 21 21 21 21 21 21 21 21 21 21 21 21 21 21 21 21 21 21 21 21 21 21 21 21 21 21 21 21 21 21 21 21 21 21 21 21 21 21 21 21 21 21 21 21 21 21 21 21 21 21 21 21 21 21 21 21 21 21 21 21 21 21 21 21 21 21 21 21 21 21 21 21 21 21 21 21 21 21 21 21 21 21 21 21 21 21 21 21 21 21 21 21 21 21 
21 21 21 21 21 21 21 21 21 21 21 21 21 21 21 21 21 21 21 21 21 21 21 21 21 21 21 21 21 21 21 21 21 21 21 21 21 21 21 21 21 21 21 21 21 21 21 21 21 21 21 21 21 21 21 21 21 21 21 21 21 21 21 21 21 21 21 21 21 21 21 21 21 21 21 21 21 21 21 21 21 21 21 21 21 21 21 21 21 21 21 21 21 21 21 21 21 21 21 21 
