0 0 0 0 0 0 0 0 0 0 0 0 0 0 0 0 0 0 0 0 0 0 0 0 0
0 0 0 0 0 0 0 0 0 0 0 0 0 0 0 0 0 0 0 0 0 0 0 0 0
0 0 0 0 0 0 0 0 0 0 0 0 0 0 0 0 0 0 0 0 0 0 0 0 0
0 0 0 0 0 0 0 0 0 0 0 0 0 0 0 0 0 0 0 0 0 0 0 0 0
0 0 0 0 0 0 0 0 0 0 0 0 0 0 0 0 0 0 0 0 0 0 0 0 0
0 0 0 0 0 0 0 0 0 0 0 0 0 0 0 0 0 0 0 0 0 0 0 0 0
0 0 0 0 0 0 0 1 1 1 1 1 1 1 1 1 1 0 0 0 0 0 0 0 0
0 0 0 0 0 0 0 1 5 5 7 2 2 10 3 3 1 0 0 0 0 0 0 0 0
0 0 0 0 0 0 0 1 5 5 7 7 11 10 3 3 1 0 0 0 0 0 0 0 0
0 0 0 0 0 0 0 1 7 7 7 7 2 9 8 8 1 0 0 0 0 0 0 0 0
0 0 0 0 0 0 0 1 2 7 7 7 7 2 10 2 1 0 0 0 0 0 0 0 0
0 0 0 0 0 0 0 1 2 6 2 7 7 7 7 2 1 0 0 0 0 0 0 0 0
0 0 0 0 0 0 0 1 6 6 6 2 7 7 7 7 1 0 0 0 0 0 0 0 0
0 0 0 0 0 0 0 1 4 4 6 6 7 7 5 5 1 0 0 0 0 0 0 0 0
0 0 0 0 0 0 0 1 4 4 6 2 2 7 5 5 1 0 0 0 0 0 0 0 0
0 0 0 0 0 0 0 1 1 1 1 1 1 1 1 1 1 0 0 0 0 0 0 0 0
0 0 0 0 0 0 0 0 0 0 0 0 0 0 0 0 0 0 0 0 0 0 0 0 0
0 0 0 0 0 0 0 0 0 0 0 0 0 0 0 0 0 0 0 0 0 0 0 0 0
0 0 0 0 0 0 0 0 0 0 0 0 0 0 0 0 0 0 0 0 0 0 0 0 0
0 0 0 0 0 0 0 0 0 0 0 0 0 0 0 0 0 0 0 0 0 0 0 0 0
0 0 0 0 0 0 0 0 0 0 0 0 0 0 0 0 0 0 0 0 0 0 0 0 0
0 0 0 0 0 0 0 0 0 0 0 0 0 0 0 0 0 0 0 0 0 0 0 0 0
